cam0:
  T_cam_body:
  - [ -0.25598883, -0.96534127,  0.05085233,  2.18908275]
  - [  0.12180997, -0.08439797, -0.98895870,  0.35356626]
  - [  0.95897448, -0.24696806,  0.13919313,  0.14933112]
  - [  0.00000000,  0.00000000,  0.00000000,  1.00000000]
  camera_model: pinhole
  distortion_coeffs: [ -0.20016700,  0.16097300,  0.00039200, -0.00092100,  0.00000000]
  distortion_model: plumb_bob
  intrinsics: [2174.55148200,2172.55663800,959.19672800,613.07115500]
  resolution: [1920,1200]
cam1:
  T_cam_body:
  - [  0.22421563, -0.97414493,  0.02773112,  0.10096801]
  - [  0.16005722,  0.00874080, -0.98706904,  0.17283019]
  - [  0.96130590,  0.22575487,  0.15787875, -0.43686135]
  - [  0.00000000,  0.00000000,  0.00000000,  1.00000000]
  camera_model: pinhole
  distortion_coeffs: [ -0.20596600,  0.18770000, -0.00040500, -0.00052700,  0.00000000]
  distortion_model: plumb_bob
  intrinsics: [2175.13780800,2172.98911900,952.79468600,602.94764200]
  resolution: [1900,1200]
cam2:
  T_cam_body:
  - [  0.15761356, -0.98743411, -0.01148236,  0.17201953]
  - [ -0.17751175, -0.01689219, -0.98397369,  2.32195657]
  - [  0.97141523,  0.15712585, -0.17794360,  0.03220573]
  - [  0.00000000,  0.00000000,  0.00000000,  1.00000000]
  camera_model: pinhole
  distortion_coeffs: [ -0.18906700,  0.12491500,  0.00004300,  0.00029600,  0.00000000]
  distortion_model: plumb_bob
  intrinsics: [2168.75828100,2166.97968700,990.68865100,583.91409000]
  resolution: [1900,1200]
cam3:
  T_cam_body:
  - [ -0.22610768, -0.97409572, -0.00358509,  2.21129498]
  - [ -0.18024631,  0.04545516, -0.98257066,  2.20965406]
  - [  0.95728083, -0.22152057, -0.18585492,  0.54252235]
  - [  0.00000000,  0.00000000,  0.00000000,  1.00000000]
  camera_model: pinhole
  distortion_coeffs: [ -0.20373500,  0.17155500,  0.00030800,  0.00170700,  0.00000000]
  distortion_model: plumb_bob
  intrinsics: [2173.86677800,2171.87626100,976.88097600,604.27685400]
  resolution: [1900,1200]
cam4:
  T_cam_body:
  - [  0.22450018,  0.97373128, -0.03804032, -1.37226802]
  - [ -0.13374799, -0.00787784, -0.99098406,  1.00236338]
  - [ -0.96525186,  0.22756391,  0.12846602,  5.39108813]
  - [  0.00000000,  0.00000000,  0.00000000,  1.00000000]
  camera_model: pinhole
  distortion_coeffs: [ -0.19907400,  0.17018000,  0.00010400, -0.00099100,  0.00000000]
  distortion_model: plumb_bob
  intrinsics: [2167.49490200,2165.56980200,940.89474900,612.57647900]
  resolution: [1900,1200]
cam5:
  T_cam_body:
  - [ -0.29578826,  0.95525346,  0.00035866, -0.34238512]
  - [ -0.16824882, -0.05172760, -0.98438640,  1.28760237]
  - [ -0.94031997, -0.29123029,  0.17602068,  5.88258941]
  - [  0.00000000,  0.00000000,  0.00000000,  1.00000000]
  camera_model: pinhole
  distortion_coeffs: [ -0.20440700,  0.17692000, -0.00025400, -0.00018900,  0.00000000]
  distortion_model: plumb_bob
  intrinsics: [2169.53280200,2167.61894400,958.79047800,602.89947900]
  resolution: [1900,1200]
cam6:
  T_cam_body:
  - [ -0.16983133,  0.98512079, -0.02635056, -1.00457589]
  - [  0.18624528,  0.00582794, -0.98248599,  1.16184865]
  - [ -0.96771381, -0.17176457, -0.18446387,  6.26569800]
  - [  0.00000000,  0.00000000,  0.00000000,  1.00000000]
  camera_model: pinhole
  distortion_coeffs: [ -0.19957400,  0.16977500, -0.00008300, -0.00020300,  0.00000000]
  distortion_model: plumb_bob
  intrinsics: [2174.42781900,2172.57924300,956.85045600,596.94859000]
  resolution: [1900,1200]
cam7:
  T_cam_body:
  - [  0.30396688,  0.95259339, -0.01303686, -1.85565288]
  - [  0.15429198, -0.06272814, -0.98603203,  1.43137289]
  - [ -0.94010538,  0.29770960, -0.16604480,  5.63258886]
  - [  0.00000000,  0.00000000,  0.00000000,  1.00000000]
  camera_model: pinhole
  distortion_coeffs: [ -0.19961400,  0.16420700, -0.00003500,  0.00040600,  0.00000000]
  distortion_model: plumb_bob
  intrinsics: [2174.75669700,2173.42025700,960.91814700,599.51184600]
  resolution: [1900,1200]
