cam0:
  T_cam_body:
  - [ -0.25596286, -0.96531431,  0.05149068,  2.18991805]
  - [  0.12065995, -0.08475200, -0.98906940,  0.35597902]
  - [  0.95912679, -0.24695217,  0.13816814,  0.14952520]
  - [  0.00000000,  0.00000000,  0.00000000,  1.00000000]
  camera_model: pinhole
  distortion_coeffs: [ -0.20016700,  0.16097300,  0.00039200, -0.00092100,  0.00000000]
  distortion_model: plumb_bob
  intrinsics: [2174.55148200,2172.55663800,959.19672800,613.07115500]
  resolution: [1920,1200]
cam1:
  T_cam_body:
  - [  0.21623192, -0.97593677,  0.02812802,  0.14441880]
  - [  0.15919208,  0.00681781, -0.98722409,  0.17677971]
  - [  0.96327651,  0.21794711,  0.15683563, -0.44243284]
  - [  0.00000000,  0.00000000,  0.00000000,  1.00000000]
  camera_model: pinhole
  distortion_coeffs: [ -0.20596600,  0.18770000, -0.00040500, -0.00052700,  0.00000000]
  distortion_model: plumb_bob
  intrinsics: [2175.13780800,2172.98911900,952.79468600,602.94764200]
  resolution: [1900,1200]
cam2:
  T_cam_body:
  - [  0.15712678, -0.98752607, -0.01017059,  0.17603093]
  - [ -0.18043112, -0.01858045, -0.98341211,  2.33489350]
  - [  0.97095612,  0.15635547, -0.18109992,  0.04620385]
  - [  0.00000000,  0.00000000,  0.00000000,  1.00000000]
  camera_model: pinhole
  distortion_coeffs: [ -0.18906700,  0.12491500,  0.00004300,  0.00029600,  0.00000000]
  distortion_model: plumb_bob
  intrinsics: [2168.75828100,2166.97968700,990.68865100,583.91409000]
  resolution: [1900,1200]
cam3:
  T_cam_body:
  - [ -0.22664202, -0.97397361, -0.00296696,  2.21088048]
  - [ -0.18107950,  0.04512962, -0.98243246,  2.21151664]
  - [  0.95699718, -0.22212322, -0.18659492,  0.54707934]
  - [  0.00000000,  0.00000000,  0.00000000,  1.00000000]
  camera_model: pinhole
  distortion_coeffs: [ -0.20373500,  0.17155500,  0.00030800,  0.00170700,  0.00000000]
  distortion_model: plumb_bob
  intrinsics: [2173.86677800,2171.87626100,976.88097600,604.27685400]
  resolution: [1900,1200]
cam4:
  T_cam_body:
  - [  0.22531148,  0.97355221, -0.03782635, -1.37814922]
  - [ -0.13312903, -0.00769658, -0.99106883,  1.00031046]
  - [ -0.96514838,  0.22833497,  0.12787393,  5.39187106]
  - [  0.00000000,  0.00000000,  0.00000000,  1.00000000]
  camera_model: pinhole
  distortion_coeffs: [ -0.19907400,  0.17018000,  0.00010400, -0.00099100,  0.00000000]
  distortion_model: plumb_bob
  intrinsics: [2167.49490200,2165.56980200,940.89474900,612.57647900]
  resolution: [1900,1200]
cam5:
  T_cam_body:
  - [ -0.29711128,  0.95484276,  0.00044674, -0.33721946]
  - [ -0.16772443, -0.05172895, -0.98447582,  1.28665372]
  - [ -0.93999649, -0.29257380,  0.17551971,  5.88570079]
  - [  0.00000000,  0.00000000,  0.00000000,  1.00000000]
  camera_model: pinhole
  distortion_coeffs: [ -0.20440700,  0.17692000, -0.00025400, -0.00018900,  0.00000000]
  distortion_model: plumb_bob
  intrinsics: [2169.53280200,2167.61894400,958.79047800,602.89947900]
  resolution: [1900,1200]
cam6:
  T_cam_body:
  - [ -0.17049711,  0.98500614, -0.02633701, -1.00437433]
  - [  0.18702061,  0.00610621, -0.98233701,  1.16004878]
  - [ -0.96744717, -0.17241118, -0.18525754,  6.26879434]
  - [  0.00000000,  0.00000000,  0.00000000,  1.00000000]
  camera_model: pinhole
  distortion_coeffs: [ -0.19957400,  0.16977500, -0.00008300, -0.00020300,  0.00000000]
  distortion_model: plumb_bob
  intrinsics: [2174.42781900,2172.57924300,956.85045600,596.94859000]
  resolution: [1900,1200]
cam7:
  T_cam_body:
  - [  0.30384416,  0.95263423, -0.01291305, -1.85585506]
  - [  0.15464771, -0.06269017, -0.98597872,  1.43004664]
  - [ -0.94008660,  0.29758691, -0.16637075,  5.63481653]
  - [  0.00000000,  0.00000000,  0.00000000,  1.00000000]
  camera_model: pinhole
  distortion_coeffs: [ -0.19961400,  0.16420700, -0.00003500,  0.00040600,  0.00000000]
  distortion_model: plumb_bob
  intrinsics: [2174.75669700,2173.42025700,960.91814700,599.51184600]
  resolution: [1900,1200]
