cam0:
  T_cam_body:
  - [ -0.25680930, -0.96508054,  0.05165778,  2.18759687]
  - [  0.12070492, -0.08505987, -0.98903748,  0.35714867]
  - [  0.95889483, -0.24775868,  0.13833413,  0.15280475]
  - [  0.00000000,  0.00000000,  0.00000000,  1.00000000]
  camera_model: pinhole
  distortion_coeffs: [ -0.20016700,  0.16097300,  0.00039200, -0.00092100,  0.00000000]
  distortion_model: plumb_bob
  intrinsics: [2174.55148200,2172.55663800,959.19672800,613.07115500]
  resolution: [1920,1200]
cam1:
  T_cam_body:
  - [  0.22041457, -0.97501336,  0.02768313,  0.12225399]
  - [  0.15903379,  0.00792136, -0.98724136,  0.17766099]
  - [  0.96235423,  0.22200493,  0.15680606, -0.43721233]
  - [  0.00000000,  0.00000000,  0.00000000,  1.00000000]
  camera_model: pinhole
  distortion_coeffs: [ -0.20596600,  0.18770000, -0.00040500, -0.00052700,  0.00000000]
  distortion_model: plumb_bob
  intrinsics: [2175.13780800,2172.98911900,952.79468600,602.94764200]
  resolution: [1900,1200]
cam2:
  T_cam_body:
  - [  0.15636656, -0.98764011, -0.01079378,  0.18015332]
  - [ -0.18002506, -0.01775363, -0.98350180,  2.33090581]
  - [  0.97115420,  0.15572995, -0.18057604,  0.04150445]
  - [  0.00000000,  0.00000000,  0.00000000,  1.00000000]
  camera_model: pinhole
  distortion_coeffs: [ -0.18906700,  0.12491500,  0.00004300,  0.00029600,  0.00000000]
  distortion_model: plumb_bob
  intrinsics: [2168.75828100,2166.97968700,990.68865100,583.91409000]
  resolution: [1900,1200]
cam3:
  T_cam_body:
  - [ -0.22530962, -0.97428158, -0.00331351,  2.20420794]
  - [ -0.18066779,  0.04512221, -0.98250859,  2.20876729]
  - [  0.95738954, -0.22076999, -0.18618777,  0.53868913]
  - [  0.00000000,  0.00000000,  0.00000000,  1.00000000]
  camera_model: pinhole
  distortion_coeffs: [ -0.20373500,  0.17155500,  0.00030800,  0.00170700,  0.00000000]
  distortion_model: plumb_bob
  intrinsics: [2173.86677800,2171.87626100,976.88097600,604.27685400]
  resolution: [1900,1200]
cam4:
  T_cam_body:
  - [  0.22519707,  0.97356612, -0.03814819, -1.37506069]
  - [ -0.13445045, -0.00772708, -0.99089019,  0.99854844]
  - [ -0.96499190,  0.22827460,  0.12915629,  5.39021911]
  - [  0.00000000,  0.00000000,  0.00000000,  1.00000000]
  camera_model: pinhole
  distortion_coeffs: [ -0.19907400,  0.17018000,  0.00010400, -0.00099100,  0.00000000]
  distortion_model: plumb_bob
  intrinsics: [2167.49490200,2165.56980200,940.89474900,612.57647900]
  resolution: [1900,1200]
cam5:
  T_cam_body:
  - [ -0.29252223,  0.95625852,  0.00062432, -0.34019078]
  - [ -0.16977799, -0.05129304, -0.98414656,  1.28503225]
  - [ -0.94106651, -0.28799074,  0.17735600,  5.87859043]
  - [  0.00000000,  0.00000000,  0.00000000,  1.00000000]
  camera_model: pinhole
  distortion_coeffs: [ -0.20440700,  0.17692000, -0.00025400, -0.00018900,  0.00000000]
  distortion_model: plumb_bob
  intrinsics: [2169.53280200,2167.61894400,958.79047800,602.89947900]
  resolution: [1900,1200]
cam6:
  T_cam_body:
  - [ -0.16999841,  0.98509034, -0.02641129, -1.00443157]
  - [  0.18695576,  0.00592539, -0.98235046,  1.15990038]
  - [ -0.96754746, -0.17193576, -0.18517562,  6.26814065]
  - [  0.00000000,  0.00000000,  0.00000000,  1.00000000]
  camera_model: pinhole
  distortion_coeffs: [ -0.19957400,  0.16977500, -0.00008300, -0.00020300,  0.00000000]
  distortion_model: plumb_bob
  intrinsics: [2174.42781900,2172.57924300,956.85045600,596.94859000]
  resolution: [1900,1200]
cam7:
  T_cam_body:
  - [  0.30357214,  0.95271984, -0.01299465, -1.85560197]
  - [  0.15489229, -0.06280213, -0.98593320,  1.43014256]
  - [ -0.94013421,  0.29728908, -0.16663394,  5.63463471]
  - [  0.00000000,  0.00000000,  0.00000000,  1.00000000]
  camera_model: pinhole
  distortion_coeffs: [ -0.19961400,  0.16420700, -0.00003500,  0.00040600,  0.00000000]
  distortion_model: plumb_bob
  intrinsics: [2174.75669700,2173.42025700,960.91814700,599.51184600]
  resolution: [1900,1200]
