cam0:
  T_cam_body:
  - [ -0.25801071, -0.96480771,  0.05075981,  2.19833688]
  - [  0.12043340, -0.08424650, -0.98914019,  0.35775948]
  - [  0.95860642, -0.24909558,  0.13793157,  0.16193354]
  - [  0.00000000,  0.00000000,  0.00000000,  1.00000000]
  camera_model: pinhole
  distortion_coeffs: [ -0.20016700,  0.16097300,  0.00039200, -0.00092100,  0.00000000]
  distortion_model: plumb_bob
  intrinsics: [2174.55148200,2172.55663800,959.19672800,613.07115500]
  resolution: [1920,1200]
cam1:
  T_cam_body:
  - [  0.22255464, -0.97453085,  0.02755089,  0.11301746]
  - [  0.15963235,  0.00854806, -0.98713953,  0.17182471]
  - [  0.96176242,  0.22409050,  0.15746906, -0.43408903]
  - [  0.00000000,  0.00000000,  0.00000000,  1.00000000]
  camera_model: pinhole
  distortion_coeffs: [ -0.20596600,  0.18770000, -0.00040500, -0.00052700,  0.00000000]
  distortion_model: plumb_bob
  intrinsics: [2175.13780800,2172.98911900,952.79468600,602.94764200]
  resolution: [1900,1200]
cam2:
  T_cam_body:
  - [  0.15731541, -0.98748370, -0.01130520,  0.17415259]
  - [ -0.17826079, -0.01713520, -0.98383407,  2.32311583]
  - [  0.97132639,  0.15678753, -0.17872526,  0.03811101]
  - [  0.00000000,  0.00000000,  0.00000000,  1.00000000]
  camera_model: pinhole
  distortion_coeffs: [ -0.18906700,  0.12491500,  0.00004300,  0.00029600,  0.00000000]
  distortion_model: plumb_bob
  intrinsics: [2168.75828100,2166.97968700,990.68865100,583.91409000]
  resolution: [1900,1200]
cam3:
  T_cam_body:
  - [ -0.22623713, -0.97406593, -0.00351175,  2.21226002]
  - [ -0.18065956,  0.04550223, -0.98249258,  2.21020581]
  - [  0.95717234, -0.22164187, -0.18626861,  0.54392681]
  - [  0.00000000,  0.00000000,  0.00000000,  1.00000000]
  camera_model: pinhole
  distortion_coeffs: [ -0.20373500,  0.17155500,  0.00030800,  0.00170700,  0.00000000]
  distortion_model: plumb_bob
  intrinsics: [2173.86677800,2171.87626100,976.88097600,604.27685400]
  resolution: [1900,1200]
cam4:
  T_cam_body:
  - [  0.22473633,  0.97366409, -0.03836428, -1.37478139]
  - [ -0.13291563, -0.00837205, -0.99109200,  1.00292023]
  - [ -0.96531188,  0.22783359,  0.12753367,  5.39361659]
  - [  0.00000000,  0.00000000,  0.00000000,  1.00000000]
  camera_model: pinhole
  distortion_coeffs: [ -0.19907400,  0.17018000,  0.00010400, -0.00099100,  0.00000000]
  distortion_model: plumb_bob
  intrinsics: [2167.49490200,2165.56980200,940.89474900,612.57647900]
  resolution: [1900,1200]
cam5:
  T_cam_body:
  - [ -0.29586893,  0.95522854, -0.00006806, -0.34120790]
  - [ -0.16765057, -0.05199761, -0.98447424,  1.28907632]
  - [ -0.94040144, -0.29126393,  0.17552908,  5.88488643]
  - [  0.00000000,  0.00000000,  0.00000000,  1.00000000]
  camera_model: pinhole
  distortion_coeffs: [ -0.20440700,  0.17692000, -0.00025400, -0.00018900,  0.00000000]
  distortion_model: plumb_bob
  intrinsics: [2169.53280200,2167.61894400,958.79047800,602.89947900]
  resolution: [1900,1200]
cam6:
  T_cam_body:
  - [ -0.16877011,  0.98531091, -0.02605899, -1.00546874]
  - [  0.18743778,  0.00612726, -0.98225737,  1.16054356]
  - [ -0.96766923, -0.17066012, -0.18571859,  6.26613887]
  - [  0.00000000,  0.00000000,  0.00000000,  1.00000000]
  camera_model: pinhole
  distortion_coeffs: [ -0.19957400,  0.16977500, -0.00008300, -0.00020300,  0.00000000]
  distortion_model: plumb_bob
  intrinsics: [2174.42781900,2172.57924300,956.85045600,596.94859000]
  resolution: [1900,1200]
cam7:
  T_cam_body:
  - [  0.30339543,  0.95277552, -0.01303914, -1.85571334]
  - [  0.15454579, -0.06270627, -0.98599367,  1.43071496]
  - [ -0.94024827,  0.29713083, -0.16627224,  5.63340843]
  - [  0.00000000,  0.00000000,  0.00000000,  1.00000000]
  camera_model: pinhole
  distortion_coeffs: [ -0.19961400,  0.16420700, -0.00003500,  0.00040600,  0.00000000]
  distortion_model: plumb_bob
  intrinsics: [2174.75669700,2173.42025700,960.91814700,599.51184600]
  resolution: [1900,1200]
