cam0:
  T_cam_body:
  - [ -0.25581401, -0.96535655,  0.05143849,  2.19527885]
  - [  0.11933832, -0.08433643, -0.98926525,  0.36429300]
  - [  0.95933183, -0.24692933,  0.13677847,  0.16123517]
  - [  0.00000000,  0.00000000,  0.00000000,  1.00000000]
  camera_model: pinhole
  distortion_coeffs: [ -0.20016700,  0.16097300,  0.00039200, -0.00092100,  0.00000000]
  distortion_model: plumb_bob
  intrinsics: [2174.55148200,2172.55663800,959.19672800,613.07115500]
  resolution: [1920,1200]
cam1:
  T_cam_body:
  - [  0.22310948, -0.97439407,  0.02789887,  0.10399681]
  - [  0.15957065,  0.00827314, -0.98715184,  0.17317366]
  - [  0.96164410,  0.22469477,  0.15733052, -0.42980843]
  - [  0.00000000,  0.00000000,  0.00000000,  1.00000000]
  camera_model: pinhole
  distortion_coeffs: [ -0.20596600,  0.18770000, -0.00040500, -0.00052700,  0.00000000]
  distortion_model: plumb_bob
  intrinsics: [2175.13780800,2172.98911900,952.79468600,602.94764200]
  resolution: [1900,1200]
cam2:
  T_cam_body:
  - [  0.15835040, -0.98731963, -0.01118489,  0.16787275]
  - [ -0.17932698, -0.01761809, -0.98363176,  2.32942539]
  - [  0.97096189,  0.15776423, -0.17984288,  0.04328298]
  - [  0.00000000,  0.00000000,  0.00000000,  1.00000000]
  camera_model: pinhole
  distortion_coeffs: [ -0.18906700,  0.12491500,  0.00004300,  0.00029600,  0.00000000]
  distortion_model: plumb_bob
  intrinsics: [2168.75828100,2166.97968700,990.68865100,583.91409000]
  resolution: [1900,1200]
cam3:
  T_cam_body:
  - [ -0.22522408, -0.97430046, -0.00356869,  2.20530472]
  - [ -0.18209881,  0.04569254, -0.98221801,  2.21795544]
  - [  0.95713852, -0.22056929, -0.18771001,  0.54708067]
  - [  0.00000000,  0.00000000,  0.00000000,  1.00000000]
  camera_model: pinhole
  distortion_coeffs: [ -0.20373500,  0.17155500,  0.00030800,  0.00170700,  0.00000000]
  distortion_model: plumb_bob
  intrinsics: [2173.86677800,2171.87626100,976.88097600,604.27685400]
  resolution: [1900,1200]
cam4:
  T_cam_body:
  - [  0.22423174,  0.97380552, -0.03772184, -1.37649534]
  - [ -0.13403544, -0.00752242, -0.99094799,  1.00004258]
  - [ -0.96527438,  0.22725805,  0.12883769,  5.39034697]
  - [  0.00000000,  0.00000000,  0.00000000,  1.00000000]
  camera_model: pinhole
  distortion_coeffs: [ -0.19907400,  0.17018000,  0.00010400, -0.00099100,  0.00000000]
  distortion_model: plumb_bob
  intrinsics: [2167.49490200,2165.56980200,940.89474900,612.57647900]
  resolution: [1900,1200]
cam5:
  T_cam_body:
  - [ -0.29619122,  0.95512857,  0.00040913, -0.33872746]
  - [ -0.16804785, -0.05169099, -0.98442265,  1.28736620]
  - [ -0.94022906, -0.29164610,  0.17581772,  5.88312636]
  - [  0.00000000,  0.00000000,  0.00000000,  1.00000000]
  camera_model: pinhole
  distortion_coeffs: [ -0.20440700,  0.17692000, -0.00025400, -0.00018900,  0.00000000]
  distortion_model: plumb_bob
  intrinsics: [2169.53280200,2167.61894400,958.79047800,602.89947900]
  resolution: [1900,1200]
cam6:
  T_cam_body:
  - [ -0.16997668,  0.98509948, -0.02620945, -1.00464202]
  - [  0.18663035,  0.00606471, -0.98241149,  1.16146857]
  - [ -0.96761410, -0.17187852, -0.18488032,  6.26704169]
  - [  0.00000000,  0.00000000,  0.00000000,  1.00000000]
  camera_model: pinhole
  distortion_coeffs: [ -0.19957400,  0.16977500, -0.00008300, -0.00020300,  0.00000000]
  distortion_model: plumb_bob
  intrinsics: [2174.42781900,2172.57924300,956.85045600,596.94859000]
  resolution: [1900,1200]
cam7:
  T_cam_body:
  - [  0.30356303,  0.95272354, -0.01293632, -1.85584865]
  - [  0.15379699, -0.06239374, -0.98613057,  1.43020714]
  - [ -0.94031695,  0.29736322, -0.16546645,  5.63328566]
  - [  0.00000000,  0.00000000,  0.00000000,  1.00000000]
  camera_model: pinhole
  distortion_coeffs: [ -0.19961400,  0.16420700, -0.00003500,  0.00040600,  0.00000000]
  distortion_model: plumb_bob
  intrinsics: [2174.75669700,2173.42025700,960.91814700,599.51184600]
  resolution: [1900,1200]
