cam0:
  T_cam_body:
  - [ -0.25601218, -0.96534137,  0.05073265,  2.18941041]
  - [  0.12236460, -0.08442169, -0.98888821,  0.35248735]
  - [  0.95889763, -0.24695955,  0.13973659,  0.14934963]
  - [  0.00000000,  0.00000000,  0.00000000,  1.00000000]
  camera_model: pinhole
  distortion_coeffs: [ -0.20016700,  0.16097300,  0.00039200, -0.00092100,  0.00000000]
  distortion_model: plumb_bob
  intrinsics: [2174.55148200,2172.55663800,959.19672800,613.07115500]
  resolution: [1920,1200]
cam1:
  T_cam_body:
  - [  0.22404507, -0.97418093,  0.02784468,  0.10166915]
  - [  0.16019977,  0.00863080, -0.98704688,  0.17235310]
  - [  0.96132193,  0.22560369,  0.15799725, -0.43676834]
  - [  0.00000000,  0.00000000,  0.00000000,  1.00000000]
  camera_model: pinhole
  distortion_coeffs: [ -0.20596600,  0.18770000, -0.00040500, -0.00052700,  0.00000000]
  distortion_model: plumb_bob
  intrinsics: [2175.13780800,2172.98911900,952.79468600,602.94764200]
  resolution: [1900,1200]
cam2:
  T_cam_body:
  - [  0.15719190, -0.98750228, -0.01139935,  0.17235440]
  - [ -0.17665105, -0.01675911, -0.98413085,  2.32082458]
  - [  0.97164042,  0.15671110, -0.17707772,  0.03035441]
  - [  0.00000000,  0.00000000,  0.00000000,  1.00000000]
  camera_model: pinhole
  distortion_coeffs: [ -0.18906700,  0.12491500,  0.00004300,  0.00029600,  0.00000000]
  distortion_model: plumb_bob
  intrinsics: [2168.75828100,2166.97968700,990.68865100,583.91409000]
  resolution: [1900,1200]
cam3:
  T_cam_body:
  - [ -0.22622724, -0.97406904, -0.00327870,  2.21136255]
  - [ -0.17989418,  0.04508796, -0.98265210,  2.20949879]
  - [  0.95731882, -0.22171285, -0.18542948,  0.54136491]
  - [  0.00000000,  0.00000000,  0.00000000,  1.00000000]
  camera_model: pinhole
  distortion_coeffs: [ -0.20373500,  0.17155500,  0.00030800,  0.00170700,  0.00000000]
  distortion_model: plumb_bob
  intrinsics: [2173.86677800,2171.87626100,976.88097600,604.27685400]
  resolution: [1900,1200]
cam4:
  T_cam_body:
  - [  0.22255248,  0.97417396, -0.03815091, -1.36855847]
  - [ -0.13503913, -0.00795233, -0.99080835,  1.00534400]
  - [ -0.96552308,  0.22565873,  0.12978179,  5.38886209]
  - [  0.00000000,  0.00000000,  0.00000000,  1.00000000]
  camera_model: pinhole
  distortion_coeffs: [ -0.19907400,  0.17018000,  0.00010400, -0.00099100,  0.00000000]
  distortion_model: plumb_bob
  intrinsics: [2167.49490200,2165.56980200,940.89474900,612.57647900]
  resolution: [1900,1200]
cam5:
  T_cam_body:
  - [ -0.29470863,  0.95558712,  0.00028641, -0.35022143]
  - [ -0.16851907, -0.05167724, -0.98434282,  1.28813486]
  - [ -0.94061052, -0.29014259,  0.17626438,  5.88040139]
  - [  0.00000000,  0.00000000,  0.00000000,  1.00000000]
  camera_model: pinhole
  distortion_coeffs: [ -0.20440700,  0.17692000, -0.00025400, -0.00018900,  0.00000000]
  distortion_model: plumb_bob
  intrinsics: [2169.53280200,2167.61894400,958.79047800,602.89947900]
  resolution: [1900,1200]
cam6:
  T_cam_body:
  - [ -0.17008154,  0.98507995, -0.02626351, -1.00384463]
  - [  0.18604623,  0.00592695, -0.98252311,  1.16218717]
  - [ -0.96770815, -0.17199527, -0.18427848,  6.26453361]
  - [  0.00000000,  0.00000000,  0.00000000,  1.00000000]
  camera_model: pinhole
  distortion_coeffs: [ -0.19957400,  0.16977500, -0.00008300, -0.00020300,  0.00000000]
  distortion_model: plumb_bob
  intrinsics: [2174.42781900,2172.57924300,956.85045600,596.94859000]
  resolution: [1900,1200]
cam7:
  T_cam_body:
  - [  0.30356054,  0.95272003, -0.01324943, -1.85537127]
  - [  0.15355038, -0.06263940, -0.98615343,  1.43186733]
  - [ -0.94035806,  0.29732281, -0.16530537,  5.63159979]
  - [  0.00000000,  0.00000000,  0.00000000,  1.00000000]
  camera_model: pinhole
  distortion_coeffs: [ -0.19961400,  0.16420700, -0.00003500,  0.00040600,  0.00000000]
  distortion_model: plumb_bob
  intrinsics: [2174.75669700,2173.42025700,960.91814700,599.51184600]
  resolution: [1900,1200]
