cam0:
  T_cam_body:
  - [ -0.25538356, -0.96549747,  0.05093003,  2.19010672]
  - [  0.12228223, -0.08450888, -0.98889095,  0.35276631]
  - [  0.95907575, -0.24631865,  0.13964537,  0.14755906]
  - [  0.00000000,  0.00000000,  0.00000000,  1.00000000]
  camera_model: pinhole
  distortion_coeffs: [ -0.20016700,  0.16097300,  0.00039200, -0.00092100,  0.00000000]
  distortion_model: plumb_bob
  intrinsics: [2174.55148200,2172.55663800,959.19672800,613.07115500]
  resolution: [1920,1200]
cam1:
  T_cam_body:
  - [  0.22373342, -0.97424571,  0.02808303,  0.10113595]
  - [  0.16032034,  0.00836569, -0.98702959,  0.17231529]
  - [  0.96137441,  0.22533378,  0.15806309, -0.43729500]
  - [  0.00000000,  0.00000000,  0.00000000,  1.00000000]
  camera_model: pinhole
  distortion_coeffs: [ -0.20596600,  0.18770000, -0.00040500, -0.00052700,  0.00000000]
  distortion_model: plumb_bob
  intrinsics: [2175.13780800,2172.98911900,952.79468600,602.94764200]
  resolution: [1900,1200]
cam2:
  T_cam_body:
  - [  0.15738722, -0.98747188, -0.01133825,  0.17166747]
  - [ -0.17685568, -0.01688852, -0.98409189,  2.32145042]
  - [  0.97157158,  0.15688872, -0.17729805,  0.03030161]
  - [  0.00000000,  0.00000000,  0.00000000,  1.00000000]
  camera_model: pinhole
  distortion_coeffs: [ -0.18906700,  0.12491500,  0.00004300,  0.00029600,  0.00000000]
  distortion_model: plumb_bob
  intrinsics: [2168.75828100,2166.97968700,990.68865100,583.91409000]
  resolution: [1900,1200]
cam3:
  T_cam_body:
  - [ -0.22611737, -0.97409428, -0.00335565,  2.21133511]
  - [ -0.17982713,  0.04512860, -0.98266251,  2.20982815]
  - [  0.95735737, -0.22159363, -0.18537294,  0.54076416]
  - [  0.00000000,  0.00000000,  0.00000000,  1.00000000]
  camera_model: pinhole
  distortion_coeffs: [ -0.20373500,  0.17155500,  0.00030800,  0.00170700,  0.00000000]
  distortion_model: plumb_bob
  intrinsics: [2173.86677800,2171.87626100,976.88097600,604.27685400]
  resolution: [1900,1200]
cam4:
  T_cam_body:
  - [  0.22244949,  0.97420318, -0.03800511, -1.36842664]
  - [ -0.13466764, -0.00790489, -0.99085929,  1.00369830]
  - [ -0.96559870,  0.22553420,  0.12943520,  5.39010750]
  - [  0.00000000,  0.00000000,  0.00000000,  1.00000000]
  camera_model: pinhole
  distortion_coeffs: [ -0.19907400,  0.17018000,  0.00010400, -0.00099100,  0.00000000]
  distortion_model: plumb_bob
  intrinsics: [2167.49490200,2165.56980200,940.89474900,612.57647900]
  resolution: [1900,1200]
cam5:
  T_cam_body:
  - [ -0.29492104,  0.95552159,  0.00026268, -0.34871076]
  - [ -0.16838155, -0.05170023, -0.98436515,  1.28738448]
  - [ -0.94056857, -0.29035423,  0.17613969,  5.88093100]
  - [  0.00000000,  0.00000000,  0.00000000,  1.00000000]
  camera_model: pinhole
  distortion_coeffs: [ -0.20440700,  0.17692000, -0.00025400, -0.00018900,  0.00000000]
  distortion_model: plumb_bob
  intrinsics: [2169.53280200,2167.61894400,958.79047800,602.89947900]
  resolution: [1900,1200]
cam6:
  T_cam_body:
  - [ -0.16996046,  0.98509859, -0.02634790, -1.00410853]
  - [  0.18585338,  0.00578554, -0.98256046,  1.16392726]
  - [ -0.96776648, -0.17189327, -0.18406722,  6.26440561]
  - [  0.00000000,  0.00000000,  0.00000000,  1.00000000]
  camera_model: pinhole
  distortion_coeffs: [ -0.19957400,  0.16977500, -0.00008300, -0.00020300,  0.00000000]
  distortion_model: plumb_bob
  intrinsics: [2174.42781900,2172.57924300,956.85045600,596.94859000]
  resolution: [1900,1200]
cam7:
  T_cam_body:
  - [  0.30352386,  0.95273157, -0.01325982, -1.85545993]
  - [  0.15355299, -0.06264430, -0.98615271,  1.43242772]
  - [ -0.94036947,  0.29728479, -0.16530882,  5.63192358]
  - [  0.00000000,  0.00000000,  0.00000000,  1.00000000]
  camera_model: pinhole
  distortion_coeffs: [ -0.19961400,  0.16420700, -0.00003500,  0.00040600,  0.00000000]
  distortion_model: plumb_bob
  intrinsics: [2174.75669700,2173.42025700,960.91814700,599.51184600]
  resolution: [1900,1200]
