cam0:
  T_cam_body:
  - [ -0.25583467, -0.96538537,  0.05079085,  2.18731784]
  - [  0.12081404, -0.08405572, -0.98911001,  0.35725260]
  - [  0.95914159, -0.24691238,  0.13813647,  0.15345200]
  - [  0.00000000,  0.00000000,  0.00000000,  1.00000000]
  camera_model: pinhole
  distortion_coeffs: [ -0.20016700,  0.16097300,  0.00039200, -0.00092100,  0.00000000]
  distortion_model: plumb_bob
  intrinsics: [2174.55148200,2172.55663800,959.19672800,613.07115500]
  resolution: [1920,1200]
cam1:
  T_cam_body:
  - [  0.22412572, -0.97417098,  0.02754190,  0.10345125]
  - [  0.15984273,  0.00886721, -0.98710267,  0.17310281]
  - [  0.96136255,  0.22563747,  0.15770152, -0.43231386]
  - [  0.00000000,  0.00000000,  0.00000000,  1.00000000]
  camera_model: pinhole
  distortion_coeffs: [ -0.20596600,  0.18770000, -0.00040500, -0.00052700,  0.00000000]
  distortion_model: plumb_bob
  intrinsics: [2175.13780800,2172.98911900,952.79468600,602.94764200]
  resolution: [1900,1200]
cam2:
  T_cam_body:
  - [  0.15813871, -0.98735154, -0.01136146,  0.16754229]
  - [ -0.17880886, -0.01731904, -0.98373139,  2.33053056]
  - [  0.97109193,  0.15759754, -0.17928602,  0.04148738]
  - [  0.00000000,  0.00000000,  0.00000000,  1.00000000]
  camera_model: pinhole
  distortion_coeffs: [ -0.18906700,  0.12491500,  0.00004300,  0.00029600,  0.00000000]
  distortion_model: plumb_bob
  intrinsics: [2168.75828100,2166.97968700,990.68865100,583.91409000]
  resolution: [1900,1200]
cam3:
  T_cam_body:
  - [ -0.22614537, -0.97408778, -0.00335790,  2.21084522]
  - [ -0.18030149,  0.04524615, -0.98257018,  2.20963849]
  - [  0.95726153, -0.22159826, -0.18586168,  0.54433949]
  - [  0.00000000,  0.00000000,  0.00000000,  1.00000000]
  camera_model: pinhole
  distortion_coeffs: [ -0.20373500,  0.17155500,  0.00030800,  0.00170700,  0.00000000]
  distortion_model: plumb_bob
  intrinsics: [2173.86677800,2171.87626100,976.88097600,604.27685400]
  resolution: [1900,1200]
cam4:
  T_cam_body:
  - [  0.22315338,  0.97404687, -0.03788492, -1.37238625]
  - [ -0.13493563, -0.00762385, -0.99082504,  1.00331868]
  - [ -0.96539885,  0.22621799,  0.12973234,  5.38963890]
  - [  0.00000000,  0.00000000,  0.00000000,  1.00000000]
  camera_model: pinhole
  distortion_coeffs: [ -0.19907400,  0.17018000,  0.00010400, -0.00099100,  0.00000000]
  distortion_model: plumb_bob
  intrinsics: [2167.49490200,2165.56980200,940.89474900,612.57647900]
  resolution: [1900,1200]
cam5:
  T_cam_body:
  - [ -0.29583014,  0.95524043,  0.00049730, -0.34367709]
  - [ -0.16824806, -0.05159257, -0.98439362,  1.28769226]
  - [ -0.94030693, -0.29129697,  0.17597998,  5.88315369]
  - [  0.00000000,  0.00000000,  0.00000000,  1.00000000]
  camera_model: pinhole
  distortion_coeffs: [ -0.20440700,  0.17692000, -0.00025400, -0.00018900,  0.00000000]
  distortion_model: plumb_bob
  intrinsics: [2169.53280200,2167.61894400,958.79047800,602.89947900]
  resolution: [1900,1200]
cam6:
  T_cam_body:
  - [ -0.17012349,  0.98507674, -0.02611167, -1.00460082]
  - [  0.18654156,  0.00617442, -0.98242767,  1.16116044]
  - [ -0.96760542, -0.17200494, -0.18480817,  6.26650661]
  - [  0.00000000,  0.00000000,  0.00000000,  1.00000000]
  camera_model: pinhole
  distortion_coeffs: [ -0.19957400,  0.16977500, -0.00008300, -0.00020300,  0.00000000]
  distortion_model: plumb_bob
  intrinsics: [2174.42781900,2172.57924300,956.85045600,596.94859000]
  resolution: [1900,1200]
cam7:
  T_cam_body:
  - [  0.30358860,  0.95271348, -0.01307633, -1.85578034]
  - [  0.15357291, -0.06247245, -0.98616051,  1.43118332]
  - [ -0.94034532,  0.29737892, -0.16527690,  5.63325014]
  - [  0.00000000,  0.00000000,  0.00000000,  1.00000000]
  camera_model: pinhole
  distortion_coeffs: [ -0.19961400,  0.16420700, -0.00003500,  0.00040600,  0.00000000]
  distortion_model: plumb_bob
  intrinsics: [2174.75669700,2173.42025700,960.91814700,599.51184600]
  resolution: [1900,1200]
