cam0:
  T_cam_body:
  - [ -0.25625917, -0.96526107,  0.05101281,  2.18899506]
  - [  0.12185946, -0.08461535, -0.98893403,  0.35287484]
  - [  0.95889598, -0.24720702,  0.13930965,  0.15163311]
  - [  0.00000000,  0.00000000,  0.00000000,  1.00000000]
  camera_model: pinhole
  distortion_coeffs: [ -0.20016700,  0.16097300,  0.00039200, -0.00092100,  0.00000000]
  distortion_model: plumb_bob
  intrinsics: [2174.55148200,2172.55663800,959.19672800,613.07115500]
  resolution: [1920,1200]
cam1:
  T_cam_body:
  - [  0.22371637, -0.97425177,  0.02800835,  0.10349857]
  - [  0.15964580,  0.00828044, -0.98713963,  0.17359584]
  - [  0.96149062,  0.22531071,  0.15738767, -0.43281950]
  - [  0.00000000,  0.00000000,  0.00000000,  1.00000000]
  camera_model: pinhole
  distortion_coeffs: [ -0.20596600,  0.18770000, -0.00040500, -0.00052700,  0.00000000]
  distortion_model: plumb_bob
  intrinsics: [2175.13780800,2172.98911900,952.79468600,602.94764200]
  resolution: [1900,1200]
cam2:
  T_cam_body:
  - [  0.15749159, -0.98745942, -0.01096795,  0.16993803]
  - [ -0.17858232, -0.01755545, -0.98376835,  2.32951654]
  - [  0.97123877,  0.15689393, -0.17910763,  0.03950201]
  - [  0.00000000,  0.00000000,  0.00000000,  1.00000000]
  camera_model: pinhole
  distortion_coeffs: [ -0.18906700,  0.12491500,  0.00004300,  0.00029600,  0.00000000]
  distortion_model: plumb_bob
  intrinsics: [2168.75828100,2166.97968700,990.68865100,583.91409000]
  resolution: [1900,1200]
cam3:
  T_cam_body:
  - [ -0.22603407, -0.97411445, -0.00310605,  2.21085800]
  - [ -0.17995640,  0.04489045, -0.98264975,  2.21018304]
  - [  0.95735275, -0.22155337, -0.18544490,  0.54275998]
  - [  0.00000000,  0.00000000,  0.00000000,  1.00000000]
  camera_model: pinhole
  distortion_coeffs: [ -0.20373500,  0.17155500,  0.00030800,  0.00170700,  0.00000000]
  distortion_model: plumb_bob
  intrinsics: [2173.86677800,2171.87626100,976.88097600,604.27685400]
  resolution: [1900,1200]
cam4:
  T_cam_body:
  - [  0.22286437,  0.97410946, -0.03797682, -1.36995408]
  - [ -0.13473866, -0.00780293, -0.99085045,  1.00242262]
  - [ -0.96549312,  0.22594220,  0.12951121,  5.39072225]
  - [  0.00000000,  0.00000000,  0.00000000,  1.00000000]
  camera_model: pinhole
  distortion_coeffs: [ -0.19907400,  0.17018000,  0.00010400, -0.00099100,  0.00000000]
  distortion_model: plumb_bob
  intrinsics: [2167.49490200,2165.56980200,940.89474900,612.57647900]
  resolution: [1900,1200]
cam5:
  T_cam_body:
  - [ -0.29444661,  0.95566790,  0.00025108, -0.35271694]
  - [ -0.16790288, -0.05147317, -0.98445880,  1.28759631]
  - [ -0.94080275, -0.28991272,  0.17561549,  5.88283552]
  - [  0.00000000,  0.00000000,  0.00000000,  1.00000000]
  camera_model: pinhole
  distortion_coeffs: [ -0.20440700,  0.17692000, -0.00025400, -0.00018900,  0.00000000]
  distortion_model: plumb_bob
  intrinsics: [2169.53280200,2167.61894400,958.79047800,602.89947900]
  resolution: [1900,1200]
cam6:
  T_cam_body:
  - [ -0.16975884,  0.98514219, -0.02601535, -1.00593991]
  - [  0.18649122,  0.00619209, -0.98243711,  1.16114628]
  - [ -0.96767916, -0.17162902, -0.18477153,  6.26629100]
  - [  0.00000000,  0.00000000,  0.00000000,  1.00000000]
  camera_model: pinhole
  distortion_coeffs: [ -0.19957400,  0.16977500, -0.00008300, -0.00020300,  0.00000000]
  distortion_model: plumb_bob
  intrinsics: [2174.42781900,2172.57924300,956.85045600,596.94859000]
  resolution: [1900,1200]
cam7:
  T_cam_body:
  - [  0.30384170,  0.95263235, -0.01310811, -1.85576614]
  - [  0.15330948, -0.06246802, -0.98620178,  1.43182898]
  - [ -0.94030656,  0.29763963, -0.16502796,  5.63219487]
  - [  0.00000000,  0.00000000,  0.00000000,  1.00000000]
  camera_model: pinhole
  distortion_coeffs: [ -0.19961400,  0.16420700, -0.00003500,  0.00040600,  0.00000000]
  distortion_model: plumb_bob
  intrinsics: [2174.75669700,2173.42025700,960.91814700,599.51184600]
  resolution: [1900,1200]
