cam0:
  T_cam_body:
  - [ -0.25670041, -0.96514466,  0.05099700,  2.18889488]
  - [  0.12153679, -0.08458150, -0.98897663,  0.35376283]
  - [  0.95881891, -0.24767269,  0.13901269,  0.15123069]
  - [  0.00000000,  0.00000000,  0.00000000,  1.00000000]
  camera_model: pinhole
  distortion_coeffs: [ -0.20016700,  0.16097300,  0.00039200, -0.00092100,  0.00000000]
  distortion_model: plumb_bob
  intrinsics: [2174.55148200,2172.55663800,959.19672800,613.07115500]
  resolution: [1920,1200]
cam1:
  T_cam_body:
  - [  0.22459763, -0.97406189,  0.02755605,  0.10123255]
  - [  0.15984831,  0.00893264, -0.98710117,  0.17311661]
  - [  0.96125149,  0.22610537,  0.15770840, -0.43592127]
  - [  0.00000000,  0.00000000,  0.00000000,  1.00000000]
  camera_model: pinhole
  distortion_coeffs: [ -0.20596600,  0.18770000, -0.00040500, -0.00052700,  0.00000000]
  distortion_model: plumb_bob
  intrinsics: [2175.13780800,2172.98911900,952.79468600,602.94764200]
  resolution: [1900,1200]
cam2:
  T_cam_body:
  - [  0.15813327, -0.98735505, -0.01112989,  0.16837166]
  - [ -0.17869850, -0.01753085, -0.98374769,  2.32849637]
  - [  0.97111313,  0.15755214, -0.17921108,  0.03697965]
  - [  0.00000000,  0.00000000,  0.00000000,  1.00000000]
  camera_model: pinhole
  distortion_coeffs: [ -0.18906700,  0.12491500,  0.00004300,  0.00029600,  0.00000000]
  distortion_model: plumb_bob
  intrinsics: [2168.75828100,2166.97968700,990.68865100,583.91409000]
  resolution: [1900,1200]
cam3:
  T_cam_body:
  - [ -0.22618627, -0.97407774, -0.00350994,  2.21129625]
  - [ -0.18025787,  0.04539743, -0.98257120,  2.20976599]
  - [  0.95726009, -0.22161142, -0.18585346,  0.54257070]
  - [  0.00000000,  0.00000000,  0.00000000,  1.00000000]
  camera_model: pinhole
  distortion_coeffs: [ -0.20373500,  0.17155500,  0.00030800,  0.00170700,  0.00000000]
  distortion_model: plumb_bob
  intrinsics: [2173.86677800,2171.87626100,976.88097600,604.27685400]
  resolution: [1900,1200]
cam4:
  T_cam_body:
  - [  0.22518015,  0.97357542, -0.03801056, -1.37602796]
  - [ -0.13383983, -0.00773372, -0.99097280,  1.00186663]
  - [ -0.96508072,  0.22823473,  0.12856169,  5.39052595]
  - [  0.00000000,  0.00000000,  0.00000000,  1.00000000]
  camera_model: pinhole
  distortion_coeffs: [ -0.19907400,  0.17018000,  0.00010400, -0.00099100,  0.00000000]
  distortion_model: plumb_bob
  intrinsics: [2167.49490200,2165.56980200,940.89474900,612.57647900]
  resolution: [1900,1200]
cam5:
  T_cam_body:
  - [ -0.29609262,  0.95515916,  0.00036522, -0.34022251]
  - [ -0.16804793, -0.05171726, -0.98442126,  1.28712150]
  - [ -0.94026010, -0.29154124,  0.17582562,  5.88331426]
  - [  0.00000000,  0.00000000,  0.00000000,  1.00000000]
  camera_model: pinhole
  distortion_coeffs: [ -0.20440700,  0.17692000, -0.00025400, -0.00018900,  0.00000000]
  distortion_model: plumb_bob
  intrinsics: [2169.53280200,2167.61894400,958.79047800,602.89947900]
  resolution: [1900,1200]
cam6:
  T_cam_body:
  - [ -0.16976369,  0.98513534, -0.02624224, -1.00476798]
  - [  0.18657640,  0.00598185, -0.98242224,  1.16097240]
  - [ -0.96766189, -0.17167581, -0.18481850,  6.26621970]
  - [  0.00000000,  0.00000000,  0.00000000,  1.00000000]
  camera_model: pinhole
  distortion_coeffs: [ -0.19957400,  0.16977500, -0.00008300, -0.00020300,  0.00000000]
  distortion_model: plumb_bob
  intrinsics: [2174.42781900,2172.57924300,956.85045600,596.94859000]
  resolution: [1900,1200]
cam7:
  T_cam_body:
  - [  0.30402077,  0.95257549, -0.01308815, -1.85582612]
  - [  0.15417743, -0.06275480, -0.98604825,  1.43135956]
  - [ -0.94010674,  0.29776126, -0.16594441,  5.63278036]
  - [  0.00000000,  0.00000000,  0.00000000,  1.00000000]
  camera_model: pinhole
  distortion_coeffs: [ -0.19961400,  0.16420700, -0.00003500,  0.00040600,  0.00000000]
  distortion_model: plumb_bob
  intrinsics: [2174.75669700,2173.42025700,960.91814700,599.51184600]
  resolution: [1900,1200]
