cam0:
  T_cam_body:
  - [ -0.25438176, -0.96573474,  0.05144252,  2.18779858]
  - [  0.12142067, -0.08466406, -0.98898383,  0.35495683]
  - [  0.95945137, -0.24533326,  0.13879715,  0.15172167]
  - [  0.00000000,  0.00000000,  0.00000000,  1.00000000]
  camera_model: pinhole
  distortion_coeffs: [ -0.20016700,  0.16097300,  0.00039200, -0.00092100,  0.00000000]
  distortion_model: plumb_bob
  intrinsics: [2174.55148200,2172.55663800,959.19672800,613.07115500]
  resolution: [1920,1200]
cam1:
  T_cam_body:
  - [  0.22328949, -0.97434313,  0.02823609,  0.10242128]
  - [  0.16002042,  0.00806654, -0.98708075,  0.17322629]
  - [  0.96152757,  0.22492310,  0.15771596, -0.43268054]
  - [  0.00000000,  0.00000000,  0.00000000,  1.00000000]
  camera_model: pinhole
  distortion_coeffs: [ -0.20596600,  0.18770000, -0.00040500, -0.00052700,  0.00000000]
  distortion_model: plumb_bob
  intrinsics: [2175.13780800,2172.98911900,952.79468600,602.94764200]
  resolution: [1900,1200]
cam2:
  T_cam_body:
  - [  0.15858595, -0.98728501, -0.01089984,  0.16768173]
  - [ -0.17918744, -0.01792285, -0.98365168,  2.33112738]
  - [  0.97094921,  0.15794645, -0.17975138,  0.04101599]
  - [  0.00000000,  0.00000000,  0.00000000,  1.00000000]
  camera_model: pinhole
  distortion_coeffs: [ -0.18906700,  0.12491500,  0.00004300,  0.00029600,  0.00000000]
  distortion_model: plumb_bob
  intrinsics: [2168.75828100,2166.97968700,990.68865100,583.91409000]
  resolution: [1900,1200]
cam3:
  T_cam_body:
  - [ -0.22524892, -0.97429656, -0.00302164,  2.20358362]
  - [ -0.18050886,  0.04477933, -0.98255349,  2.20913979]
  - [  0.95743380, -0.22077368, -0.18595566,  0.54290519]
  - [  0.00000000,  0.00000000,  0.00000000,  1.00000000]
  camera_model: pinhole
  distortion_coeffs: [ -0.20373500,  0.17155500,  0.00030800,  0.00170700,  0.00000000]
  distortion_model: plumb_bob
  intrinsics: [2173.86677800,2171.87626100,976.88097600,604.27685400]
  resolution: [1900,1200]
cam4:
  T_cam_body:
  - [  0.22450486,  0.97374059, -0.03777329, -1.37405816]
  - [ -0.13330961, -0.00770878, -0.99104446,  1.00131426]
  - [ -0.96531141,  0.22752984,  0.12807832,  5.39179036]
  - [  0.00000000,  0.00000000,  0.00000000,  1.00000000]
  camera_model: pinhole
  distortion_coeffs: [ -0.19907400,  0.17018000,  0.00010400, -0.00099100,  0.00000000]
  distortion_model: plumb_bob
  intrinsics: [2167.49490200,2165.56980200,940.89474900,612.57647900]
  resolution: [1900,1200]
cam5:
  T_cam_body:
  - [ -0.29608452,  0.95516170,  0.00028775, -0.34092395]
  - [ -0.16803119, -0.05179036, -0.98442027,  1.28707118]
  - [ -0.94026564, -0.29151996,  0.17583128,  5.88286629]
  - [  0.00000000,  0.00000000,  0.00000000,  1.00000000]
  camera_model: pinhole
  distortion_coeffs: [ -0.20440700,  0.17692000, -0.00025400, -0.00018900,  0.00000000]
  distortion_model: plumb_bob
  intrinsics: [2169.53280200,2167.61894400,958.79047800,602.89947900]
  resolution: [1900,1200]
cam6:
  T_cam_body:
  - [ -0.17010481,  0.98507406, -0.02633345, -1.00373858]
  - [  0.18664539,  0.00596813, -0.98240922,  1.16131448]
  - [ -0.96758868, -0.17202755, -0.18487474,  6.26682240]
  - [  0.00000000,  0.00000000,  0.00000000,  1.00000000]
  camera_model: pinhole
  distortion_coeffs: [ -0.19957400,  0.16977500, -0.00008300, -0.00020300,  0.00000000]
  distortion_model: plumb_bob
  intrinsics: [2174.42781900,2172.57924300,956.85045600,596.94859000]
  resolution: [1900,1200]
cam7:
  T_cam_body:
  - [  0.30345312,  0.95275835, -0.01295082, -1.85513297]
  - [  0.15466037, -0.06266164, -0.98597854,  1.43058737]
  - [ -0.94021081,  0.29719528, -0.16636883,  5.63351820]
  - [  0.00000000,  0.00000000,  0.00000000,  1.00000000]
  camera_model: pinhole
  distortion_coeffs: [ -0.19961400,  0.16420700, -0.00003500,  0.00040600,  0.00000000]
  distortion_model: plumb_bob
  intrinsics: [2174.75669700,2173.42025700,960.91814700,599.51184600]
  resolution: [1900,1200]
