cam0:
  T_cam_body:
  - [ -0.25520749, -0.96555390,  0.05074255,  2.18920746]
  - [  0.12218365, -0.08426531, -0.98892392,  0.35288682]
  - [  0.95913518, -0.24618088,  0.13948004,  0.14790879]
  - [  0.00000000,  0.00000000,  0.00000000,  1.00000000]
  camera_model: pinhole
  distortion_coeffs: [ -0.20016700,  0.16097300,  0.00039200, -0.00092100,  0.00000000]
  distortion_model: plumb_bob
  intrinsics: [2174.55148200,2172.55663800,959.19672800,613.07115500]
  resolution: [1920,1200]
cam1:
  T_cam_body:
  - [  0.22380212, -0.97423746,  0.02782049,  0.10142341]
  - [  0.16014266,  0.00860147, -0.98705640,  0.17265313]
  - [  0.96138803,  0.22536057,  0.15794201, -0.43642924]
  - [  0.00000000,  0.00000000,  0.00000000,  1.00000000]
  camera_model: pinhole
  distortion_coeffs: [ -0.20596600,  0.18770000, -0.00040500, -0.00052700,  0.00000000]
  distortion_model: plumb_bob
  intrinsics: [2175.13780800,2172.98911900,952.79468600,602.94764200]
  resolution: [1900,1200]
cam2:
  T_cam_body:
  - [  0.15733599, -0.98747724, -0.01157970,  0.17271190]
  - [ -0.17713352, -0.01668345, -0.98404541,  2.32206739]
  - [  0.97152926,  0.15687691, -0.17754023,  0.03155068]
  - [  0.00000000,  0.00000000,  0.00000000,  1.00000000]
  camera_model: pinhole
  distortion_coeffs: [ -0.18906700,  0.12491500,  0.00004300,  0.00029600,  0.00000000]
  distortion_model: plumb_bob
  intrinsics: [2168.75828100,2166.97968700,990.68865100,583.91409000]
  resolution: [1900,1200]
cam3:
  T_cam_body:
  - [ -0.22612044, -0.97409285, -0.00355931,  2.21137519]
  - [ -0.17994550,  0.04536204, -0.98263009,  2.20960654]
  - [  0.95733440, -0.22155227, -0.18554091,  0.54157463]
  - [  0.00000000,  0.00000000,  0.00000000,  1.00000000]
  camera_model: pinhole
  distortion_coeffs: [ -0.20373500,  0.17155500,  0.00030800,  0.00170700,  0.00000000]
  distortion_model: plumb_bob
  intrinsics: [2173.86677800,2171.87626100,976.88097600,604.27685400]
  resolution: [1900,1200]
cam4:
  T_cam_body:
  - [  0.22384056,  0.97388089, -0.03809756, -1.36824970]
  - [ -0.13415189, -0.00793049, -0.99092905,  1.00387049]
  - [ -0.96534899,  0.22692097,  0.12887280,  5.39053929]
  - [  0.00000000,  0.00000000,  0.00000000,  1.00000000]
  camera_model: pinhole
  distortion_coeffs: [ -0.19907400,  0.17018000,  0.00010400, -0.00099100,  0.00000000]
  distortion_model: plumb_bob
  intrinsics: [2167.49490200,2165.56980200,940.89474900,612.57647900]
  resolution: [1900,1200]
cam5:
  T_cam_body:
  - [ -0.29494526,  0.95551412,  0.00025409, -0.34845928]
  - [ -0.16830085, -0.05168884, -0.98437954,  1.28753981]
  - [ -0.94057542, -0.29038084,  0.17605922,  5.88151842]
  - [  0.00000000,  0.00000000,  0.00000000,  1.00000000]
  camera_model: pinhole
  distortion_coeffs: [ -0.20440700,  0.17692000, -0.00025400, -0.00018900,  0.00000000]
  distortion_model: plumb_bob
  intrinsics: [2169.53280200,2167.61894400,958.79047800,602.89947900]
  resolution: [1900,1200]
cam6:
  T_cam_body:
  - [ -0.16988580,  0.98511107, -0.02636279, -1.00446071]
  - [  0.18604048,  0.00578974, -0.98252502,  1.16312549]
  - [ -0.96774364, -0.17182160, -0.18425413,  6.26488204]
  - [  0.00000000,  0.00000000,  0.00000000,  1.00000000]
  camera_model: pinhole
  distortion_coeffs: [ -0.19957400,  0.16977500, -0.00008300, -0.00020300,  0.00000000]
  distortion_model: plumb_bob
  intrinsics: [2174.42781900,2172.57924300,956.85045600,596.94859000]
  resolution: [1900,1200]
cam7:
  T_cam_body:
  - [  0.30412318,  0.95254210, -0.01313878, -1.85574244]
  - [  0.15398619, -0.06276533, -0.98607746,  1.43224342]
  - [ -0.94010496,  0.29786583, -0.16576672,  5.63123662]
  - [  0.00000000,  0.00000000,  0.00000000,  1.00000000]
  camera_model: pinhole
  distortion_coeffs: [ -0.19961400,  0.16420700, -0.00003500,  0.00040600,  0.00000000]
  distortion_model: plumb_bob
  intrinsics: [2174.75669700,2173.42025700,960.91814700,599.51184600]
  resolution: [1900,1200]
