cam0:
  T_cam_body:
  - [ -0.25841611, -0.96468664,  0.05099800,  2.19506296]
  - [  0.11894401, -0.08416285, -0.98932752,  0.36483566]
  - [  0.95868318, -0.24959226,  0.13649274,  0.16916350]
  - [  0.00000000,  0.00000000,  0.00000000,  1.00000000]
  camera_model: pinhole
  distortion_coeffs: [ -0.20016700,  0.16097300,  0.00039200, -0.00092100,  0.00000000]
  distortion_model: plumb_bob
  intrinsics: [2174.55148200,2172.55663800,959.19672800,613.07115500]
  resolution: [1920,1200]
cam1:
  T_cam_body:
  - [  0.22244272, -0.97456376,  0.02728952,  0.11594927]
  - [  0.15874712,  0.00858814, -0.98728192,  0.17705939]
  - [  0.96193482,  0.22394581,  0.15661955, -0.43130107]
  - [  0.00000000,  0.00000000,  0.00000000,  1.00000000]
  camera_model: pinhole
  distortion_coeffs: [ -0.20596600,  0.18770000, -0.00040500, -0.00052700,  0.00000000]
  distortion_model: plumb_bob
  intrinsics: [2175.13780800,2172.98911900,952.79468600,602.94764200]
  resolution: [1900,1200]
cam2:
  T_cam_body:
  - [  0.15728528, -0.98749065, -0.01111605,  0.17501651]
  - [ -0.18027308, -0.01764283, -0.98345836,  2.33202975]
  - [  0.97095981,  0.15668745, -0.18079294,  0.04630743]
  - [  0.00000000,  0.00000000,  0.00000000,  1.00000000]
  camera_model: pinhole
  distortion_coeffs: [ -0.18906700,  0.12491500,  0.00004300,  0.00029600,  0.00000000]
  distortion_model: plumb_bob
  intrinsics: [2168.75828100,2166.97968700,990.68865100,583.91409000]
  resolution: [1900,1200]
cam3:
  T_cam_body:
  - [ -0.22540436, -0.97425889, -0.00353414,  2.20672577]
  - [ -0.18193886,  0.04565647, -0.98224933,  2.21571877]
  - [  0.95712650, -0.22076028, -0.18754672,  0.54806848]
  - [  0.00000000,  0.00000000,  0.00000000,  1.00000000]
  camera_model: pinhole
  distortion_coeffs: [ -0.20373500,  0.17155500,  0.00030800,  0.00170700,  0.00000000]
  distortion_model: plumb_bob
  intrinsics: [2173.86677800,2171.87626100,976.88097600,604.27685400]
  resolution: [1900,1200]
cam4:
  T_cam_body:
  - [  0.22606411,  0.97338021, -0.03776232, -1.38374528]
  - [ -0.13300791, -0.00755860, -0.99108615,  0.99988055]
  - [ -0.96498907,  0.22907170,  0.12775854,  5.39170476]
  - [  0.00000000,  0.00000000,  0.00000000,  1.00000000]
  camera_model: pinhole
  distortion_coeffs: [ -0.19907400,  0.17018000,  0.00010400, -0.00099100,  0.00000000]
  distortion_model: plumb_bob
  intrinsics: [2167.49490200,2165.56980200,940.89474900,612.57647900]
  resolution: [1900,1200]
cam5:
  T_cam_body:
  - [ -0.29689920,  0.95490872,  0.00044568, -0.33280416]
  - [ -0.16770047, -0.05168176, -0.98448238,  1.28676386]
  - [ -0.94006777, -0.29236677,  0.17548291,  5.88566048]
  - [  0.00000000,  0.00000000,  0.00000000,  1.00000000]
  camera_model: pinhole
  distortion_coeffs: [ -0.20440700,  0.17692000, -0.00025400, -0.00018900,  0.00000000]
  distortion_model: plumb_bob
  intrinsics: [2169.53280200,2167.61894400,958.79047800,602.89947900]
  resolution: [1900,1200]
cam6:
  T_cam_body:
  - [ -0.16959021,  0.98516182, -0.02636951, -1.00476101]
  - [  0.18694637,  0.00588749, -0.98235248,  1.15997895]
  - [ -0.96762090, -0.17152705, -0.18517089,  6.26819355]
  - [  0.00000000,  0.00000000,  0.00000000,  1.00000000]
  camera_model: pinhole
  distortion_coeffs: [ -0.19957400,  0.16977500, -0.00008300, -0.00020300,  0.00000000]
  distortion_model: plumb_bob
  intrinsics: [2174.42781900,2172.57924300,956.85045600,596.94859000]
  resolution: [1900,1200]
cam7:
  T_cam_body:
  - [  0.30363039,  0.95270056, -0.01304754, -1.85584510]
  - [  0.15479731, -0.06283752, -0.98594586,  1.42955536]
  - [ -0.94013104,  0.29734340, -0.16655487,  5.63547617]
  - [  0.00000000,  0.00000000,  0.00000000,  1.00000000]
  camera_model: pinhole
  distortion_coeffs: [ -0.19961400,  0.16420700, -0.00003500,  0.00040600,  0.00000000]
  distortion_model: plumb_bob
  intrinsics: [2174.75669700,2173.42025700,960.91814700,599.51184600]
  resolution: [1900,1200]
