cam0:
  T_cam_body:
  - [ -0.25727517, -0.96495159,  0.05174849,  2.18735999]
  - [  0.12087638, -0.08526612, -0.98899878,  0.35614865]
  - [  0.95874834, -0.24818966,  0.13857672,  0.15513536]
  - [  0.00000000,  0.00000000,  0.00000000,  1.00000000]
  camera_model: pinhole
  distortion_coeffs: [ -0.20016700,  0.16097300,  0.00039200, -0.00092100,  0.00000000]
  distortion_model: plumb_bob
  intrinsics: [2174.55148200,2172.55663800,959.19672800,613.07115500]
  resolution: [1920,1200]
cam1:
  T_cam_body:
  - [  0.22471451, -0.97402014,  0.02807421,  0.10084638]
  - [  0.15963751,  0.00837733, -0.98714016,  0.17348539]
  - [  0.96125920,  0.22630641,  0.15737265, -0.43519703]
  - [  0.00000000,  0.00000000,  0.00000000,  1.00000000]
  camera_model: pinhole
  distortion_coeffs: [ -0.20596600,  0.18770000, -0.00040500, -0.00052700,  0.00000000]
  distortion_model: plumb_bob
  intrinsics: [2175.13780800,2172.98911900,952.79468600,602.94764200]
  resolution: [1900,1200]
cam2:
  T_cam_body:
  - [  0.15873853, -0.98726592, -0.01039639,  0.16497637]
  - [ -0.17968534, -0.01853363, -0.98354953,  2.33124862]
  - [  0.97083225,  0.15799529, -0.18033922,  0.04005083]
  - [  0.00000000,  0.00000000,  0.00000000,  1.00000000]
  camera_model: pinhole
  distortion_coeffs: [ -0.18906700,  0.12491500,  0.00004300,  0.00029600,  0.00000000]
  distortion_model: plumb_bob
  intrinsics: [2168.75828100,2166.97968700,990.68865100,583.91409000]
  resolution: [1900,1200]
cam3:
  T_cam_body:
  - [ -0.22507195, -0.97433763, -0.00296745,  2.20444776]
  - [ -0.18007426,  0.04458988, -0.98264185,  2.20731863]
  - [  0.95755725, -0.22063076, -0.18548906,  0.53846367]
  - [  0.00000000,  0.00000000,  0.00000000,  1.00000000]
  camera_model: pinhole
  distortion_coeffs: [ -0.20373500,  0.17155500,  0.00030800,  0.00170700,  0.00000000]
  distortion_model: plumb_bob
  intrinsics: [2173.86677800,2171.87626100,976.88097600,604.27685400]
  resolution: [1900,1200]
cam4:
  T_cam_body:
  - [  0.22656504,  0.97326049, -0.03784577, -1.38393985]
  - [ -0.13313084, -0.00754680, -0.99106974,  0.99993323]
  - [ -0.96485463,  0.22958019,  0.12786115,  5.39167463]
  - [  0.00000000,  0.00000000,  0.00000000,  1.00000000]
  camera_model: pinhole
  distortion_coeffs: [ -0.19907400,  0.17018000,  0.00010400, -0.00099100,  0.00000000]
  distortion_model: plumb_bob
  intrinsics: [2167.49490200,2165.56980200,940.89474900,612.57647900]
  resolution: [1900,1200]
cam5:
  T_cam_body:
  - [ -0.29729384,  0.95478591,  0.00049101, -0.33244889]
  - [ -0.16779744, -0.05174120, -0.98446273,  1.28674275]
  - [ -0.93992574, -0.29275709,  0.17559297,  5.88627302]
  - [  0.00000000,  0.00000000,  0.00000000,  1.00000000]
  camera_model: pinhole
  distortion_coeffs: [ -0.20440700,  0.17692000, -0.00025400, -0.00018900,  0.00000000]
  distortion_model: plumb_bob
  intrinsics: [2169.53280200,2167.61894400,958.79047800,602.89947900]
  resolution: [1900,1200]
cam6:
  T_cam_body:
  - [ -0.16980596,  0.98512665, -0.02629486, -1.00514314]
  - [  0.18684117,  0.00598442, -0.98237191,  1.16001692]
  - [ -0.96760339, -0.17172557, -0.18507841,  6.26851200]
  - [  0.00000000,  0.00000000,  0.00000000,  1.00000000]
  camera_model: pinhole
  distortion_coeffs: [ -0.19957400,  0.16977500, -0.00008300, -0.00020300,  0.00000000]
  distortion_model: plumb_bob
  intrinsics: [2174.42781900,2172.57924300,956.85045600,596.94859000]
  resolution: [1900,1200]
cam7:
  T_cam_body:
  - [  0.30388900,  0.95261876, -0.01299887, -1.85567669]
  - [  0.15465022, -0.06278800, -0.98597210,  1.42965407]
  - [ -0.94007169,  0.29761580, -0.16640329,  5.63542143]
  - [  0.00000000,  0.00000000,  0.00000000,  1.00000000]
  camera_model: pinhole
  distortion_coeffs: [ -0.19961400,  0.16420700, -0.00003500,  0.00040600,  0.00000000]
  distortion_model: plumb_bob
  intrinsics: [2174.75669700,2173.42025700,960.91814700,599.51184600]
  resolution: [1900,1200]
