cam0:
  T_cam_body:
  - [ -0.25580090, -0.96540290,  0.05062747,  2.18938032]
  - [  0.12214778, -0.08422661, -0.98893164,  0.35315232]
  - [  0.95898166, -0.24678557,  0.13946706,  0.14864138]
  - [  0.00000000,  0.00000000,  0.00000000,  1.00000000]
  camera_model: pinhole
  distortion_coeffs: [ -0.20016700,  0.16097300,  0.00039200, -0.00092100,  0.00000000]
  distortion_model: plumb_bob
  intrinsics: [2174.55148200,2172.55663800,959.19672800,613.07115500]
  resolution: [1920,1200]
cam1:
  T_cam_body:
  - [  0.22422769, -0.97414421,  0.02765857,  0.10099779]
  - [  0.16005813,  0.00881653, -0.98706822,  0.17268764]
  - [  0.96130294,  0.22575501,  0.15789661, -0.43747320]
  - [  0.00000000,  0.00000000,  0.00000000,  1.00000000]
  camera_model: pinhole
  distortion_coeffs: [ -0.20596600,  0.18770000, -0.00040500, -0.00052700,  0.00000000]
  distortion_model: plumb_bob
  intrinsics: [2175.13780800,2172.98911900,952.79468600,602.94764200]
  resolution: [1900,1200]
cam2:
  T_cam_body:
  - [  0.15743068, -0.98746176, -0.01161220,  0.17175195]
  - [ -0.17695424, -0.01663934, -0.98407842,  2.32190876]
  - [  0.97154659,  0.15697896, -0.17735509,  0.02940425]
  - [  0.00000000,  0.00000000,  0.00000000,  1.00000000]
  camera_model: pinhole
  distortion_coeffs: [ -0.18906700,  0.12491500,  0.00004300,  0.00029600,  0.00000000]
  distortion_model: plumb_bob
  intrinsics: [2168.75828100,2166.97968700,990.68865100,583.91409000]
  resolution: [1900,1200]
cam3:
  T_cam_body:
  - [ -0.22617383, -0.97408081, -0.00346044,  2.21175077]
  - [ -0.18005719,  0.04529860, -0.98261256,  2.20976352]
  - [  0.95730079, -0.22161817, -0.18563561,  0.54113442]
  - [  0.00000000,  0.00000000,  0.00000000,  1.00000000]
  camera_model: pinhole
  distortion_coeffs: [ -0.20373500,  0.17155500,  0.00030800,  0.00170700,  0.00000000]
  distortion_model: plumb_bob
  intrinsics: [2173.86677800,2171.87626100,976.88097600,604.27685400]
  resolution: [1900,1200]
cam4:
  T_cam_body:
  - [  0.22364056,  0.97392327, -0.03818864, -1.36844822]
  - [ -0.13420043, -0.00803892, -0.99092160,  1.00526082]
  - [ -0.96538860,  0.22673519,  0.12890309,  5.39096738]
  - [  0.00000000,  0.00000000,  0.00000000,  1.00000000]
  camera_model: pinhole
  distortion_coeffs: [ -0.19907400,  0.17018000,  0.00010400, -0.00099100,  0.00000000]
  distortion_model: plumb_bob
  intrinsics: [2167.49490200,2165.56980200,940.89474900,612.57647900]
  resolution: [1900,1200]
cam5:
  T_cam_body:
  - [ -0.29466812,  0.95559962,  0.00025110, -0.35000201]
  - [ -0.16838867, -0.05166557, -0.98436575,  1.28763568]
  - [ -0.94064656, -0.29010349,  0.17613634,  5.88083915]
  - [  0.00000000,  0.00000000,  0.00000000,  1.00000000]
  camera_model: pinhole
  distortion_coeffs: [ -0.20440700,  0.17692000, -0.00025400, -0.00018900,  0.00000000]
  distortion_model: plumb_bob
  intrinsics: [2169.53280200,2167.61894400,958.79047800,602.89947900]
  resolution: [1900,1200]
cam6:
  T_cam_body:
  - [ -0.17000324,  0.98509175, -0.02632771, -1.00406194]
  - [  0.18614206,  0.00586507, -0.98250533,  1.16210665]
  - [ -0.96770348, -0.17192978, -0.18436409,  6.26499087]
  - [  0.00000000,  0.00000000,  0.00000000,  1.00000000]
  camera_model: pinhole
  distortion_coeffs: [ -0.19957400,  0.16977500, -0.00008300, -0.00020300,  0.00000000]
  distortion_model: plumb_bob
  intrinsics: [2174.42781900,2172.57924300,956.85045600,596.94859000]
  resolution: [1900,1200]
cam7:
  T_cam_body:
  - [  0.30370003,  0.95267859, -0.01303033, -1.85555790]
  - [  0.15411089, -0.06261531, -0.98606752,  1.43139086]
  - [ -0.94022132,  0.29746062, -0.16583442,  5.63208895]
  - [  0.00000000,  0.00000000,  0.00000000,  1.00000000]
  camera_model: pinhole
  distortion_coeffs: [ -0.19961400,  0.16420700, -0.00003500,  0.00040600,  0.00000000]
  distortion_model: plumb_bob
  intrinsics: [2174.75669700,2173.42025700,960.91814700,599.51184600]
  resolution: [1900,1200]
