cam0:
  T_cam_body:
  - [ -0.25644949, -0.96518157,  0.05155776,  2.18831119]
  - [  0.12154618, -0.08512121, -0.98892917,  0.35477671]
  - [  0.95888487, -0.24734373,  0.13914342,  0.15373026]
  - [  0.00000000,  0.00000000,  0.00000000,  1.00000000]
  camera_model: pinhole
  distortion_coeffs: [ -0.20016700,  0.16097300,  0.00039200, -0.00092100,  0.00000000]
  distortion_model: plumb_bob
  intrinsics: [2174.55148200,2172.55663800,959.19672800,613.07115500]
  resolution: [1920,1200]
cam1:
  T_cam_body:
  - [  0.22411005, -0.97415762,  0.02813567,  0.10223075]
  - [  0.16004988,  0.00831159, -0.98707393,  0.17273796]
  - [  0.96133174,  0.22571630,  0.15777652, -0.43434875]
  - [  0.00000000,  0.00000000,  0.00000000,  1.00000000]
  camera_model: pinhole
  distortion_coeffs: [ -0.20596600,  0.18770000, -0.00040500, -0.00052700,  0.00000000]
  distortion_model: plumb_bob
  intrinsics: [2175.13780800,2172.98911900,952.79468600,602.94764200]
  resolution: [1900,1200]
cam2:
  T_cam_body:
  - [  0.15833145, -0.98732696, -0.01079905,  0.16685533]
  - [ -0.17905853, -0.01795540, -0.98367456,  2.33067416]
  - [  0.97101452,  0.15768028, -0.17963221,  0.04022034]
  - [  0.00000000,  0.00000000,  0.00000000,  1.00000000]
  camera_model: pinhole
  distortion_coeffs: [ -0.18906700,  0.12491500,  0.00004300,  0.00029600,  0.00000000]
  distortion_model: plumb_bob
  intrinsics: [2168.75828100,2166.97968700,990.68865100,583.91409000]
  resolution: [1900,1200]
cam3:
  T_cam_body:
  - [ -0.22617623, -0.97408204, -0.00291586,  2.21007292]
  - [ -0.18041716,  0.04483308, -0.98256788,  2.21068209]
  - [  0.95723245, -0.22170743, -0.18588129,  0.54464896]
  - [  0.00000000,  0.00000000,  0.00000000,  1.00000000]
  camera_model: pinhole
  distortion_coeffs: [ -0.20373500,  0.17155500,  0.00030800,  0.00170700,  0.00000000]
  distortion_model: plumb_bob
  intrinsics: [2173.86677800,2171.87626100,976.88097600,604.27685400]
  resolution: [1900,1200]
cam4:
  T_cam_body:
  - [  0.22351423,  0.97396585, -0.03784072, -1.37464556]
  - [ -0.13446716, -0.00763951, -0.99088860,  1.00194143]
  - [ -0.96538074,  0.22656603,  0.12925888,  5.39077292]
  - [  0.00000000,  0.00000000,  0.00000000,  1.00000000]
  camera_model: pinhole
  distortion_coeffs: [ -0.19907400,  0.17018000,  0.00010400, -0.00099100,  0.00000000]
  distortion_model: plumb_bob
  intrinsics: [2167.49490200,2165.56980200,940.89474900,612.57647900]
  resolution: [1900,1200]
cam5:
  T_cam_body:
  - [ -0.29615389,  0.95514013,  0.00045222, -0.34062130]
  - [ -0.16817638, -0.05167925, -0.98440132,  1.28763467]
  - [ -0.94021783, -0.29161034,  0.17593702,  5.88329104]
  - [  0.00000000,  0.00000000,  0.00000000,  1.00000000]
  camera_model: pinhole
  distortion_coeffs: [ -0.20440700,  0.17692000, -0.00025400, -0.00018900,  0.00000000]
  distortion_model: plumb_bob
  intrinsics: [2169.53280200,2167.61894400,958.79047800,602.89947900]
  resolution: [1900,1200]
cam6:
  T_cam_body:
  - [ -0.16994517,  0.98510574, -0.02617858, -1.00483573]
  - [  0.18650309,  0.00606689, -0.98243564,  1.16128172]
  - [ -0.96764417, -0.17184258, -0.18475630,  6.26636634]
  - [  0.00000000,  0.00000000,  0.00000000,  1.00000000]
  camera_model: pinhole
  distortion_coeffs: [ -0.19957400,  0.16977500, -0.00008300, -0.00020300,  0.00000000]
  distortion_model: plumb_bob
  intrinsics: [2174.42781900,2172.57924300,956.85045600,596.94859000]
  resolution: [1900,1200]
cam7:
  T_cam_body:
  - [  0.30352952,  0.95273185, -0.01310926, -1.85578077]
  - [  0.15384219, -0.06258092, -0.98611166,  1.43113203]
  - [ -0.94032038,  0.29729725, -0.16556551,  5.63401031]
  - [  0.00000000,  0.00000000,  0.00000000,  1.00000000]
  camera_model: pinhole
  distortion_coeffs: [ -0.19961400,  0.16420700, -0.00003500,  0.00040600,  0.00000000]
  distortion_model: plumb_bob
  intrinsics: [2174.75669700,2173.42025700,960.91814700,599.51184600]
  resolution: [1900,1200]
