cam0:
  T_cam_body:
  - [ -0.25619963, -0.96528299,  0.05089684,  2.18985545]
  - [  0.12198581, -0.08452024, -0.98892659,  0.35284810]
  - [  0.95889583, -0.24715394,  0.13940488,  0.14983812]
  - [  0.00000000,  0.00000000,  0.00000000,  1.00000000]
  camera_model: pinhole
  distortion_coeffs: [ -0.20016700,  0.16097300,  0.00039200, -0.00092100,  0.00000000]
  distortion_model: plumb_bob
  intrinsics: [2174.55148200,2172.55663800,959.19672800,613.07115500]
  resolution: [1920,1200]
cam1:
  T_cam_body:
  - [  0.22413786, -0.97416008,  0.02782715,  0.10140622]
  - [  0.16012031,  0.00864536, -0.98705965,  0.17240841]
  - [  0.96131353,  0.22569313,  0.15792057, -0.43664641]
  - [  0.00000000,  0.00000000,  0.00000000,  1.00000000]
  camera_model: pinhole
  distortion_coeffs: [ -0.20596600,  0.18770000, -0.00040500, -0.00052700,  0.00000000]
  distortion_model: plumb_bob
  intrinsics: [2175.13780800,2172.98911900,952.79468600,602.94764200]
  resolution: [1900,1200]
cam2:
  T_cam_body:
  - [  0.15743454, -0.98746466, -0.01130950,  0.17192984]
  - [ -0.17713324, -0.01697061, -0.98404055,  2.32104376]
  - [  0.97151335,  0.15692526, -0.17758458,  0.03157231]
  - [  0.00000000,  0.00000000,  0.00000000,  1.00000000]
  camera_model: pinhole
  distortion_coeffs: [ -0.18906700,  0.12491500,  0.00004300,  0.00029600,  0.00000000]
  distortion_model: plumb_bob
  intrinsics: [2168.75828100,2166.97968700,990.68865100,583.91409000]
  resolution: [1900,1200]
cam3:
  T_cam_body:
  - [ -0.22626698, -0.97405928, -0.00343014,  2.21159273]
  - [ -0.18001281,  0.04527597, -0.98262174,  2.20950410]
  - [  0.95728713, -0.22171738, -0.18558760,  0.54176651]
  - [  0.00000000,  0.00000000,  0.00000000,  1.00000000]
  camera_model: pinhole
  distortion_coeffs: [ -0.20373500,  0.17155500,  0.00030800,  0.00170700,  0.00000000]
  distortion_model: plumb_bob
  intrinsics: [2173.86677800,2171.87626100,976.88097600,604.27685400]
  resolution: [1900,1200]
cam4:
  T_cam_body:
  - [  0.22302131,  0.97407646, -0.03790168, -1.37242104]
  - [ -0.13472130, -0.00770914, -0.99085354,  1.00335486]
  - [ -0.96545930,  0.22608762,  0.12950955,  5.38961843]
  - [  0.00000000,  0.00000000,  0.00000000,  1.00000000]
  camera_model: pinhole
  distortion_coeffs: [ -0.19907400,  0.17018000,  0.00010400, -0.00099100,  0.00000000]
  distortion_model: plumb_bob
  intrinsics: [2167.49490200,2165.56980200,940.89474900,612.57647900]
  resolution: [1900,1200]
cam5:
  T_cam_body:
  - [ -0.29548504,  0.95534729,  0.00037435, -0.34462392]
  - [ -0.16831246, -0.05167263, -0.98437841,  1.28742852]
  - [ -0.94040391, -0.29093210,  0.17606534,  5.88156958]
  - [  0.00000000,  0.00000000,  0.00000000,  1.00000000]
  camera_model: pinhole
  distortion_coeffs: [ -0.20440700,  0.17692000, -0.00025400, -0.00018900,  0.00000000]
  distortion_model: plumb_bob
  intrinsics: [2169.53280200,2167.61894400,958.79047800,602.89947900]
  resolution: [1900,1200]
cam6:
  T_cam_body:
  - [ -0.16986751,  0.98511661, -0.02627344, -1.00474572]
  - [  0.18607052,  0.00588071, -0.98251879,  1.16232162]
  - [ -0.96774108, -0.17178673, -0.18430011,  6.26500825]
  - [  0.00000000,  0.00000000,  0.00000000,  1.00000000]
  camera_model: pinhole
  distortion_coeffs: [ -0.19957400,  0.16977500, -0.00008300, -0.00020300,  0.00000000]
  distortion_model: plumb_bob
  intrinsics: [2174.42781900,2172.57924300,956.85045600,596.94859000]
  resolution: [1900,1200]
cam7:
  T_cam_body:
  - [  0.30359798,  0.95270839, -0.01322797, -1.85600623]
  - [  0.15364588, -0.06265419, -0.98613761,  1.43172672]
  - [ -0.94033037,  0.29735697, -0.16540141,  5.63254632]
  - [  0.00000000,  0.00000000,  0.00000000,  1.00000000]
  camera_model: pinhole
  distortion_coeffs: [ -0.19961400,  0.16420700, -0.00003500,  0.00040600,  0.00000000]
  distortion_model: plumb_bob
  intrinsics: [2174.75669700,2173.42025700,960.91814700,599.51184600]
  resolution: [1900,1200]
