cam0:
  T_cam_body:
  - [ -0.25550364, -0.96546565,  0.05093100,  2.18982935]
  - [  0.12285480, -0.08467491, -0.98880577,  0.35302106]
  - [  0.95897059, -0.24638635,  0.14024684,  0.14904009]
  - [  0.00000000,  0.00000000,  0.00000000,  1.00000000]
  camera_model: pinhole
  distortion_coeffs: [ -0.20016700,  0.16097300,  0.00039200, -0.00092100,  0.00000000]
  distortion_model: plumb_bob
  intrinsics: [2174.55148200,2172.55663800,959.19672800,613.07115500]
  resolution: [1920,1200]
cam1:
  T_cam_body:
  - [  0.22362207, -0.97426612,  0.02826112,  0.10231719]
  - [  0.16040922,  0.00818754, -0.98701664,  0.17244387]
  - [  0.96138549,  0.22525204,  0.15811219, -0.43538319]
  - [  0.00000000,  0.00000000,  0.00000000,  1.00000000]
  camera_model: pinhole
  distortion_coeffs: [ -0.20596600,  0.18770000, -0.00040500, -0.00052700,  0.00000000]
  distortion_model: plumb_bob
  intrinsics: [2175.13780800,2172.98911900,952.79468600,602.94764200]
  resolution: [1900,1200]
cam2:
  T_cam_body:
  - [  0.15730098, -0.98748963, -0.01098298,  0.17018800]
  - [ -0.17743627, -0.01732055, -0.98397986,  2.32792914]
  - [  0.97147968,  0.15672978, -0.17794102,  0.03482652]
  - [  0.00000000,  0.00000000,  0.00000000,  1.00000000]
  camera_model: pinhole
  distortion_coeffs: [ -0.18906700,  0.12491500,  0.00004300,  0.00029600,  0.00000000]
  distortion_model: plumb_bob
  intrinsics: [2168.75828100,2166.97968700,990.68865100,583.91409000]
  resolution: [1900,1200]
cam3:
  T_cam_body:
  - [ -0.22608109, -0.97410356, -0.00309632,  2.21042653]
  - [ -0.17983335,  0.04486134, -0.98267361,  2.21019296]
  - [  0.95736477, -0.22160710, -0.18531861,  0.54202752]
  - [  0.00000000,  0.00000000,  0.00000000,  1.00000000]
  camera_model: pinhole
  distortion_coeffs: [ -0.20373500,  0.17155500,  0.00030800,  0.00170700,  0.00000000]
  distortion_model: plumb_bob
  intrinsics: [2173.86677800,2171.87626100,976.88097600,604.27685400]
  resolution: [1900,1200]
cam4:
  T_cam_body:
  - [  0.22197647,  0.97430640, -0.03812465, -1.36495473]
  - [ -0.13500487, -0.00801235, -0.99081254,  1.00551393]
  - [ -0.96566046,  0.22508409,  0.12975756,  5.39093192]
  - [  0.00000000,  0.00000000,  0.00000000,  1.00000000]
  camera_model: pinhole
  distortion_coeffs: [ -0.19907400,  0.17018000,  0.00010400, -0.00099100,  0.00000000]
  distortion_model: plumb_bob
  intrinsics: [2167.49490200,2165.56980200,940.89474900,612.57647900]
  resolution: [1900,1200]
cam5:
  T_cam_body:
  - [ -0.29444444,  0.95566857,  0.00024294, -0.35340398]
  - [ -0.16831909, -0.05160939, -0.98438059,  1.28770498]
  - [ -0.94072905, -0.28988629,  0.17605337,  5.88113141]
  - [  0.00000000,  0.00000000,  0.00000000,  1.00000000]
  camera_model: pinhole
  distortion_coeffs: [ -0.20440700,  0.17692000, -0.00025400, -0.00018900,  0.00000000]
  distortion_model: plumb_bob
  intrinsics: [2169.53280200,2167.61894400,958.79047800,602.89947900]
  resolution: [1900,1200]
cam6:
  T_cam_body:
  - [ -0.17013402,  0.98506928, -0.02632348, -1.00350883]
  - [  0.18613160,  0.00589229, -0.98250715,  1.16280436]
  - [ -0.96768251, -0.17205753, -0.18435500,  6.26560554]
  - [  0.00000000,  0.00000000,  0.00000000,  1.00000000]
  camera_model: pinhole
  distortion_coeffs: [ -0.19957400,  0.16977500, -0.00008300, -0.00020300,  0.00000000]
  distortion_model: plumb_bob
  intrinsics: [2174.42781900,2172.57924300,956.85045600,596.94859000]
  resolution: [1900,1200]
cam7:
  T_cam_body:
  - [  0.30336435,  0.95278275, -0.01323241, -1.85411399]
  - [  0.15330825, -0.06250958, -0.98619934,  1.43304053]
  - [ -0.94046087,  0.29714909, -0.16503263,  5.63191942]
  - [  0.00000000,  0.00000000,  0.00000000,  1.00000000]
  camera_model: pinhole
  distortion_coeffs: [ -0.19961400,  0.16420700, -0.00003500,  0.00040600,  0.00000000]
  distortion_model: plumb_bob
  intrinsics: [2174.75669700,2173.42025700,960.91814700,599.51184600]
  resolution: [1900,1200]
