cam0:
  T_cam_body:
  - [ -0.25664866, -0.96514802,  0.05119332,  2.18818642]
  - [  0.12136914, -0.08473169, -0.98898436,  0.35438895]
  - [  0.95885400, -0.24760823,  0.13888547,  0.15216016]
  - [  0.00000000,  0.00000000,  0.00000000,  1.00000000]
  camera_model: pinhole
  distortion_coeffs: [ -0.20016700,  0.16097300,  0.00039200, -0.00092100,  0.00000000]
  distortion_model: plumb_bob
  intrinsics: [2174.55148200,2172.55663800,959.19672800,613.07115500]
  resolution: [1920,1200]
cam1:
  T_cam_body:
  - [  0.22455940, -0.97406654,  0.02770280,  0.10129945]
  - [  0.15984416,  0.00877660, -0.98710325,  0.17301663]
  - [  0.96126111,  0.22609145,  0.15766971, -0.43561023]
  - [  0.00000000,  0.00000000,  0.00000000,  1.00000000]
  camera_model: pinhole
  distortion_coeffs: [ -0.20596600,  0.18770000, -0.00040500, -0.00052700,  0.00000000]
  distortion_model: plumb_bob
  intrinsics: [2175.13780800,2172.98911900,952.79468600,602.94764200]
  resolution: [1900,1200]
cam2:
  T_cam_body:
  - [  0.15838672, -0.98731557, -0.01102804,  0.16709485]
  - [ -0.17890568, -0.01771260, -0.98370678,  2.32924269]
  - [  0.97103368,  0.15777907, -0.17944180,  0.03787218]
  - [  0.00000000,  0.00000000,  0.00000000,  1.00000000]
  camera_model: pinhole
  distortion_coeffs: [ -0.18906700,  0.12491500,  0.00004300,  0.00029600,  0.00000000]
  distortion_model: plumb_bob
  intrinsics: [2168.75828100,2166.97968700,990.68865100,583.91409000]
  resolution: [1900,1200]
cam3:
  T_cam_body:
  - [ -0.22615650, -0.97408521, -0.00335288,  2.21097828]
  - [ -0.18040822,  0.04526798, -0.98254958,  2.21037246]
  - [  0.95723880, -0.22160508, -0.18597063,  0.54335121]
  - [  0.00000000,  0.00000000,  0.00000000,  1.00000000]
  camera_model: pinhole
  distortion_coeffs: [ -0.20373500,  0.17155500,  0.00030800,  0.00170700,  0.00000000]
  distortion_model: plumb_bob
  intrinsics: [2173.86677800,2171.87626100,976.88097600,604.27685400]
  resolution: [1900,1200]
cam4:
  T_cam_body:
  - [  0.22522850,  0.97356568, -0.03797364, -1.37703261]
  - [ -0.13377778, -0.00770426, -0.99098141,  1.00154850]
  - [ -0.96507804,  0.22827729,  0.12850623,  5.39053717]
  - [  0.00000000,  0.00000000,  0.00000000,  1.00000000]
  camera_model: pinhole
  distortion_coeffs: [ -0.19907400,  0.17018000,  0.00010400, -0.00099100,  0.00000000]
  distortion_model: plumb_bob
  intrinsics: [2167.49490200,2165.56980200,940.89474900,612.57647900]
  resolution: [1900,1200]
cam5:
  T_cam_body:
  - [ -0.29625776,  0.95510794,  0.00040699, -0.33918148]
  - [ -0.16811227, -0.05172601, -0.98440982,  1.28710729]
  - [ -0.94019658, -0.29170746,  0.17588960,  5.88353213]
  - [  0.00000000,  0.00000000,  0.00000000,  1.00000000]
  camera_model: pinhole
  distortion_coeffs: [ -0.20440700,  0.17692000, -0.00025400, -0.00018900,  0.00000000]
  distortion_model: plumb_bob
  intrinsics: [2169.53280200,2167.61894400,958.79047800,602.89947900]
  resolution: [1900,1200]
cam6:
  T_cam_body:
  - [ -0.16981792,  0.98512607, -0.02623921, -1.00482326]
  - [  0.18655552,  0.00599151, -0.98242615,  1.16102959]
  - [ -0.96765640, -0.17172864, -0.18479818,  6.26648840]
  - [  0.00000000,  0.00000000,  0.00000000,  1.00000000]
  camera_model: pinhole
  distortion_coeffs: [ -0.19957400,  0.16977500, -0.00008300, -0.00020300,  0.00000000]
  distortion_model: plumb_bob
  intrinsics: [2174.42781900,2172.57924300,956.85045600,596.94859000]
  resolution: [1900,1200]
cam7:
  T_cam_body:
  - [  0.30398411,  0.95258738, -0.01307477, -1.85581896]
  - [  0.15416755, -0.06273113, -0.98605130,  1.43125643]
  - [ -0.94012022,  0.29772822, -0.16592733,  5.63306885]
  - [  0.00000000,  0.00000000,  0.00000000,  1.00000000]
  camera_model: pinhole
  distortion_coeffs: [ -0.19961400,  0.16420700, -0.00003500,  0.00040600,  0.00000000]
  distortion_model: plumb_bob
  intrinsics: [2174.75669700,2173.42025700,960.91814700,599.51184600]
  resolution: [1900,1200]
