cam0:
  T_cam_body:
  - [ -0.25539669, -0.96549373,  0.05093508,  2.18893861]
  - [  0.12186608, -0.08440913, -0.98895084,  0.35364564]
  - [  0.95912522, -0.24636752,  0.13921875,  0.14878984]
  - [  0.00000000,  0.00000000,  0.00000000,  1.00000000]
  camera_model: pinhole
  distortion_coeffs: [ -0.20016700,  0.16097300,  0.00039200, -0.00092100,  0.00000000]
  distortion_model: plumb_bob
  intrinsics: [2174.55148200,2172.55663800,959.19672800,613.07115500]
  resolution: [1920,1200]
cam1:
  T_cam_body:
  - [  0.22382230, -0.97423046,  0.02790323,  0.10150523]
  - [  0.16009425,  0.00850965, -0.98706505,  0.17278228]
  - [  0.96139139,  0.22539432,  0.15787334, -0.43610551]
  - [  0.00000000,  0.00000000,  0.00000000,  1.00000000]
  camera_model: pinhole
  distortion_coeffs: [ -0.20596600,  0.18770000, -0.00040500, -0.00052700,  0.00000000]
  distortion_model: plumb_bob
  intrinsics: [2175.13780800,2172.98911900,952.79468600,602.94764200]
  resolution: [1900,1200]
cam2:
  T_cam_body:
  - [  0.15759732, -0.98743677, -0.01147608,  0.17204462]
  - [ -0.17748784, -0.01689161, -0.98397802,  2.32261511]
  - [  0.97142223,  0.15710917, -0.17792009,  0.03288578]
  - [  0.00000000,  0.00000000,  0.00000000,  1.00000000]
  camera_model: pinhole
  distortion_coeffs: [ -0.18906700,  0.12491500,  0.00004300,  0.00029600,  0.00000000]
  distortion_model: plumb_bob
  intrinsics: [2168.75828100,2166.97968700,990.68865100,583.91409000]
  resolution: [1900,1200]
cam3:
  T_cam_body:
  - [ -0.22613087, -0.97409080, -0.00345467,  2.21106309]
  - [ -0.18024642,  0.04532817, -0.98257650,  2.21014965]
  - [  0.95727533, -0.22156819, -0.18582647,  0.54245591]
  - [  0.00000000,  0.00000000,  0.00000000,  1.00000000]
  camera_model: pinhole
  distortion_coeffs: [ -0.20373500,  0.17155500,  0.00030800,  0.00170700,  0.00000000]
  distortion_model: plumb_bob
  intrinsics: [2173.86677800,2171.87626100,976.88097600,604.27685400]
  resolution: [1900,1200]
cam4:
  T_cam_body:
  - [  0.22400556,  0.97384605, -0.03801810, -1.37001206]
  - [ -0.13375372, -0.00792088, -0.99098295,  1.00281605]
  - [ -0.96536597,  0.22707075,  0.12848121,  5.39153960]
  - [  0.00000000,  0.00000000,  0.00000000,  1.00000000]
  camera_model: pinhole
  distortion_coeffs: [ -0.19907400,  0.17018000,  0.00010400, -0.00099100,  0.00000000]
  distortion_model: plumb_bob
  intrinsics: [2167.49490200,2165.56980200,940.89474900,612.57647900]
  resolution: [1900,1200]
cam5:
  T_cam_body:
  - [ -0.29548557,  0.95534715,  0.00030474, -0.34467227]
  - [ -0.16828486, -0.05173593, -0.98437980,  1.28758616]
  - [ -0.94040868, -0.29092131,  0.17605768,  5.88190260]
  - [  0.00000000,  0.00000000,  0.00000000,  1.00000000]
  camera_model: pinhole
  distortion_coeffs: [ -0.20440700,  0.17692000, -0.00025400, -0.00018900,  0.00000000]
  distortion_model: plumb_bob
  intrinsics: [2169.53280200,2167.61894400,958.79047800,602.89947900]
  resolution: [1900,1200]
cam6:
  T_cam_body:
  - [ -0.16985514,  0.98511726, -0.02632891, -1.00466909]
  - [  0.18610403,  0.00582899, -0.98251276,  1.16262929]
  - [ -0.96773680, -0.17178476, -0.18432437,  6.26524411]
  - [  0.00000000,  0.00000000,  0.00000000,  1.00000000]
  camera_model: pinhole
  distortion_coeffs: [ -0.19957400,  0.16977500, -0.00008300, -0.00020300,  0.00000000]
  distortion_model: plumb_bob
  intrinsics: [2174.42781900,2172.57924300,956.85045600,596.94859000]
  resolution: [1900,1200]
cam7:
  T_cam_body:
  - [  0.30386320,  0.95262593, -0.01307635, -1.85569126]
  - [  0.15428350, -0.06274738, -0.98603213,  1.43172256]
  - [ -0.94014029,  0.29760141, -0.16604108,  5.63242019]
  - [  0.00000000,  0.00000000,  0.00000000,  1.00000000]
  camera_model: pinhole
  distortion_coeffs: [ -0.19961400,  0.16420700, -0.00003500,  0.00040600,  0.00000000]
  distortion_model: plumb_bob
  intrinsics: [2174.75669700,2173.42025700,960.91814700,599.51184600]
  resolution: [1900,1200]
