cam0:
  T_cam_body:
  - [ -0.25436036, -0.96575051,  0.05125183,  2.19013284]
  - [  0.12219638, -0.08466395, -0.98888830,  0.35356570]
  - [  0.95935856, -0.24527119,  0.13954637,  0.14640017]
  - [  0.00000000,  0.00000000,  0.00000000,  1.00000000]
  camera_model: pinhole
  distortion_coeffs: [ -0.20016700,  0.16097300,  0.00039200, -0.00092100,  0.00000000]
  distortion_model: plumb_bob
  intrinsics: [2174.55148200,2172.55663800,959.19672800,613.07115500]
  resolution: [1920,1200]
cam1:
  T_cam_body:
  - [  0.22316112, -0.97437557,  0.02813110,  0.10259321]
  - [  0.16015912,  0.00818399, -0.98705728,  0.17310888]
  - [  0.96153428,  0.22477826,  0.15788148, -0.43504512]
  - [  0.00000000,  0.00000000,  0.00000000,  1.00000000]
  camera_model: pinhole
  distortion_coeffs: [ -0.20596600,  0.18770000, -0.00040500, -0.00052700,  0.00000000]
  distortion_model: plumb_bob
  intrinsics: [2175.13780800,2172.98911900,952.79468600,602.94764200]
  resolution: [1900,1200]
cam2:
  T_cam_body:
  - [  0.15765741, -0.98743220, -0.01103592,  0.16961144]
  - [ -0.17807009, -0.01743535, -0.98386333,  2.32969266]
  - [  0.97130592,  0.15707851, -0.17858096,  0.03650704]
  - [  0.00000000,  0.00000000,  0.00000000,  1.00000000]
  camera_model: pinhole
  distortion_coeffs: [ -0.18906700,  0.12491500,  0.00004300,  0.00029600,  0.00000000]
  distortion_model: plumb_bob
  intrinsics: [2168.75828100,2166.97968700,990.68865100,583.91409000]
  resolution: [1900,1200]
cam3:
  T_cam_body:
  - [ -0.22615200, -0.97408771, -0.00289838,  2.21003927]
  - [ -0.18008842,  0.04473458, -0.98263268,  2.21060318]
  - [  0.95730008, -0.22170238, -0.18553873,  0.54279871]
  - [  0.00000000,  0.00000000,  0.00000000,  1.00000000]
  camera_model: pinhole
  distortion_coeffs: [ -0.20373500,  0.17155500,  0.00030800,  0.00170700,  0.00000000]
  distortion_model: plumb_bob
  intrinsics: [2173.86677800,2171.87626100,976.88097600,604.27685400]
  resolution: [1900,1200]
cam4:
  T_cam_body:
  - [  0.22222446,  0.97425849, -0.03790353, -1.36629455]
  - [ -0.13468992, -0.00782706, -0.99085688,  1.00347892]
  - [ -0.96564741,  0.22529786,  0.12948344,  5.39036240]
  - [  0.00000000,  0.00000000,  0.00000000,  1.00000000]
  camera_model: pinhole
  distortion_coeffs: [ -0.19907400,  0.17018000,  0.00010400, -0.00099100,  0.00000000]
  distortion_model: plumb_bob
  intrinsics: [2167.49490200,2165.56980200,940.89474900,612.57647900]
  resolution: [1900,1200]
cam5:
  T_cam_body:
  - [ -0.29442452,  0.95567468,  0.00032285, -0.35256447]
  - [ -0.16815385, -0.05147233, -0.98441601,  1.28661977]
  - [ -0.94076484, -0.28989050,  0.17585509,  5.88075148]
  - [  0.00000000,  0.00000000,  0.00000000,  1.00000000]
  camera_model: pinhole
  distortion_coeffs: [ -0.20440700,  0.17692000, -0.00025400, -0.00018900,  0.00000000]
  distortion_model: plumb_bob
  intrinsics: [2169.53280200,2167.61894400,958.79047800,602.89947900]
  resolution: [1900,1200]
cam6:
  T_cam_body:
  - [ -0.17027785,  0.98504528, -0.02629149, -1.00302613]
  - [  0.18626814,  0.00597582, -0.98248077,  1.16309085]
  - [ -0.96763094, -0.17219198, -0.18450010,  6.26559071]
  - [  0.00000000,  0.00000000,  0.00000000,  1.00000000]
  camera_model: pinhole
  distortion_coeffs: [ -0.19957400,  0.16977500, -0.00008300, -0.00020300,  0.00000000]
  distortion_model: plumb_bob
  intrinsics: [2174.42781900,2172.57924300,956.85045600,596.94859000]
  resolution: [1900,1200]
cam7:
  T_cam_body:
  - [  0.30339697,  0.95277334, -0.01316178, -1.85400846]
  - [  0.15350083, -0.06250325, -0.98616978,  1.43240560]
  - [ -0.94041893,  0.29718058, -0.16521480,  5.63212242]
  - [  0.00000000,  0.00000000,  0.00000000,  1.00000000]
  camera_model: pinhole
  distortion_coeffs: [ -0.19961400,  0.16420700, -0.00003500,  0.00040600,  0.00000000]
  distortion_model: plumb_bob
  intrinsics: [2174.75669700,2173.42025700,960.91814700,599.51184600]
  resolution: [1900,1200]
