cam0:
  T_cam_body:
  - [ -0.25582430, -0.96540177,  0.05053074,  2.18945187]
  - [  0.12233105, -0.08417818, -0.98891311,  0.35270290]
  - [  0.95895205, -0.24680652,  0.13963344,  0.14803963]
  - [  0.00000000,  0.00000000,  0.00000000,  1.00000000]
  camera_model: pinhole
  distortion_coeffs: [ -0.20016700,  0.16097300,  0.00039200, -0.00092100,  0.00000000]
  distortion_model: plumb_bob
  intrinsics: [2174.55148200,2172.55663800,959.19672800,613.07115500]
  resolution: [1920,1200]
cam1:
  T_cam_body:
  - [  0.22422050, -0.97414758,  0.02759835,  0.10117765]
  - [  0.16015979,  0.00890022, -0.98705097,  0.17243932]
  - [  0.96128768,  0.22573721,  0.15801489, -0.43754502]
  - [  0.00000000,  0.00000000,  0.00000000,  1.00000000]
  camera_model: pinhole
  distortion_coeffs: [ -0.20596600,  0.18770000, -0.00040500, -0.00052700,  0.00000000]
  distortion_model: plumb_bob
  intrinsics: [2175.13780800,2172.98911900,952.79468600,602.94764200]
  resolution: [1900,1200]
cam2:
  T_cam_body:
  - [  0.15733549, -0.98747791, -0.01152901,  0.17207914]
  - [ -0.17675591, -0.01667290, -0.98411349,  2.32139663]
  - [  0.97159811,  0.15687380, -0.17716579,  0.02936748]
  - [  0.00000000,  0.00000000,  0.00000000,  1.00000000]
  camera_model: pinhole
  distortion_coeffs: [ -0.18906700,  0.12491500,  0.00004300,  0.00029600,  0.00000000]
  distortion_model: plumb_bob
  intrinsics: [2168.75828100,2166.97968700,990.68865100,583.91409000]
  resolution: [1900,1200]
cam3:
  T_cam_body:
  - [ -0.22614562, -0.97408753, -0.00341080,  2.21162504]
  - [ -0.17997181,  0.04522325, -0.98263167,  2.20958302]
  - [  0.95732351, -0.22160400, -0.18553534,  0.54063431]
  - [  0.00000000,  0.00000000,  0.00000000,  1.00000000]
  camera_model: pinhole
  distortion_coeffs: [ -0.20373500,  0.17155500,  0.00030800,  0.00170700,  0.00000000]
  distortion_model: plumb_bob
  intrinsics: [2173.86677800,2171.87626100,976.88097600,604.27685400]
  resolution: [1900,1200]
cam4:
  T_cam_body:
  - [  0.22373558,  0.97389852, -0.03826305, -1.36783536]
  - [ -0.13436539, -0.00806295, -0.99089905,  1.00551338]
  - [ -0.96534363,  0.22684060,  0.12905428,  5.39046906]
  - [  0.00000000,  0.00000000,  0.00000000,  1.00000000]
  camera_model: pinhole
  distortion_coeffs: [ -0.19907400,  0.17018000,  0.00010400, -0.00099100,  0.00000000]
  distortion_model: plumb_bob
  intrinsics: [2167.49490200,2165.56980200,940.89474900,612.57647900]
  resolution: [1900,1200]
cam5:
  T_cam_body:
  - [ -0.29462797,  0.95561199,  0.00027801, -0.35144767]
  - [ -0.16847084, -0.05165545, -0.98435222,  1.28773932]
  - [ -0.94064442, -0.29006453,  0.17621190,  5.88097548]
  - [  0.00000000,  0.00000000,  0.00000000,  1.00000000]
  camera_model: pinhole
  distortion_coeffs: [ -0.20440700,  0.17692000, -0.00025400, -0.00018900,  0.00000000]
  distortion_model: plumb_bob
  intrinsics: [2169.53280200,2167.61894400,958.79047800,602.89947900]
  resolution: [1900,1200]
cam6:
  T_cam_body:
  - [ -0.17015853,  0.98506384, -0.02636868, -1.00321162]
  - [  0.18606057,  0.00583923, -0.98252093,  1.16240709]
  - [ -0.96769186, -0.17209048, -0.18427513,  6.26474140]
  - [  0.00000000,  0.00000000,  0.00000000,  1.00000000]
  camera_model: pinhole
  distortion_coeffs: [ -0.19957400,  0.16977500, -0.00008300, -0.00020300,  0.00000000]
  distortion_model: plumb_bob
  intrinsics: [2174.42781900,2172.57924300,956.85045600,596.94859000]
  resolution: [1900,1200]
cam7:
  T_cam_body:
  - [  0.30384257,  0.95263137, -0.01315948, -1.85542870]
  - [  0.15395489, -0.06272564, -0.98608488,  1.43185159]
  - [ -0.94020082,  0.29758860, -0.16572098,  5.63139595]
  - [  0.00000000,  0.00000000,  0.00000000,  1.00000000]
  camera_model: pinhole
  distortion_coeffs: [ -0.19961400,  0.16420700, -0.00003500,  0.00040600,  0.00000000]
  distortion_model: plumb_bob
  intrinsics: [2174.75669700,2173.42025700,960.91814700,599.51184600]
  resolution: [1900,1200]
