cam0:
  T_cam_body:
  - [ -0.25813950, -0.96473474,  0.05148668,  2.19232688]
  - [  0.12042912, -0.08500960, -0.98907542,  0.35750365]
  - [  0.95857228, -0.24911894,  0.13812650,  0.16018764]
  - [  0.00000000,  0.00000000,  0.00000000,  1.00000000]
  camera_model: pinhole
  distortion_coeffs: [ -0.20016700,  0.16097300,  0.00039200, -0.00092100,  0.00000000]
  distortion_model: plumb_bob
  intrinsics: [2174.55148200,2172.55663800,959.19672800,613.07115500]
  resolution: [1920,1200]
cam1:
  T_cam_body:
  - [  0.21748058, -0.97567708,  0.02750324,  0.14437999]
  - [  0.15955772,  0.00773888, -0.98715827,  0.17312532]
  - [  0.96293485,  0.21907611,  0.15735987, -0.43804973]
  - [  0.00000000,  0.00000000,  0.00000000,  1.00000000]
  camera_model: pinhole
  distortion_coeffs: [ -0.20596600,  0.18770000, -0.00040500, -0.00052700,  0.00000000]
  distortion_model: plumb_bob
  intrinsics: [2175.13780800,2172.98911900,952.79468600,602.94764200]
  resolution: [1900,1200]
cam2:
  T_cam_body:
  - [  0.15375412, -0.98805121, -0.01069925,  0.19518405]
  - [ -0.17738689, -0.01694847, -0.98399524,  2.31479612]
  - [  0.97205636,  0.15319123, -0.17787323,  0.03995382]
  - [  0.00000000,  0.00000000,  0.00000000,  1.00000000]
  camera_model: pinhole
  distortion_coeffs: [ -0.18906700,  0.12491500,  0.00004300,  0.00029600,  0.00000000]
  distortion_model: plumb_bob
  intrinsics: [2168.75828100,2166.97968700,990.68865100,583.91409000]
  resolution: [1900,1200]
cam3:
  T_cam_body:
  - [ -0.22687698, -0.97391712, -0.00350445,  2.21484190]
  - [ -0.18239623,  0.04602383, -0.98214735,  2.21801335]
  - [  0.95669141, -0.22218742, -0.18808056,  0.55487277]
  - [  0.00000000,  0.00000000,  0.00000000,  1.00000000]
  camera_model: pinhole
  distortion_coeffs: [ -0.20373500,  0.17155500,  0.00030800,  0.00170700,  0.00000000]
  distortion_model: plumb_bob
  intrinsics: [2173.86677800,2171.87626100,976.88097600,604.27685400]
  resolution: [1900,1200]
cam4:
  T_cam_body:
  - [  0.22631422,  0.97332234, -0.03775581, -1.38277775]
  - [ -0.13285201, -0.00755531, -0.99110709,  0.99990684]
  - [ -0.96495193,  0.22931756,  0.12759795,  5.39161059]
  - [  0.00000000,  0.00000000,  0.00000000,  1.00000000]
  camera_model: pinhole
  distortion_coeffs: [ -0.19907400,  0.17018000,  0.00010400, -0.00099100,  0.00000000]
  distortion_model: plumb_bob
  intrinsics: [2167.49490200,2165.56980200,940.89474900,612.57647900]
  resolution: [1900,1200]
cam5:
  T_cam_body:
  - [ -0.29653006,  0.95502342,  0.00042382, -0.33391662]
  - [ -0.16785531, -0.05168137, -0.98445601,  1.28686860]
  - [ -0.94015664, -0.29199194,  0.17563083,  5.88431180]
  - [  0.00000000,  0.00000000,  0.00000000,  1.00000000]
  camera_model: pinhole
  distortion_coeffs: [ -0.20440700,  0.17692000, -0.00025400, -0.00018900,  0.00000000]
  distortion_model: plumb_bob
  intrinsics: [2169.53280200,2167.61894400,958.79047800,602.89947900]
  resolution: [1900,1200]
cam6:
  T_cam_body:
  - [ -0.16952271,  0.98517388, -0.02635298, -1.00466096]
  - [  0.18696702,  0.00589475, -0.98234850,  1.15986510]
  - [ -0.96762874, -0.17145752, -0.18519432,  6.26797892]
  - [  0.00000000,  0.00000000,  0.00000000,  1.00000000]
  camera_model: pinhole
  distortion_coeffs: [ -0.19957400,  0.16977500, -0.00008300, -0.00020300,  0.00000000]
  distortion_model: plumb_bob
  intrinsics: [2174.42781900,2172.57924300,956.85045600,596.94859000]
  resolution: [1900,1200]
cam7:
  T_cam_body:
  - [  0.30372548,  0.95267096, -0.01299531, -1.85572340]
  - [  0.15485997, -0.06282072, -0.98593709,  1.42975170]
  - [ -0.94009001,  0.29744176, -0.16661085,  5.63524363]
  - [  0.00000000,  0.00000000,  0.00000000,  1.00000000]
  camera_model: pinhole
  distortion_coeffs: [ -0.19961400,  0.16420700, -0.00003500,  0.00040600,  0.00000000]
  distortion_model: plumb_bob
  intrinsics: [2174.75669700,2173.42025700,960.91814700,599.51184600]
  resolution: [1900,1200]
