cam0:
  T_cam_body:
  - [ -0.25692956, -0.96508442,  0.05098299,  2.18863835]
  - [  0.12133067, -0.08454789, -0.98900481,  0.35418855]
  - [  0.95878364, -0.24791877,  0.13881719,  0.15255575]
  - [  0.00000000,  0.00000000,  0.00000000,  1.00000000]
  camera_model: pinhole
  distortion_coeffs: [ -0.20016700,  0.16097300,  0.00039200, -0.00092100,  0.00000000]
  distortion_model: plumb_bob
  intrinsics: [2174.55148200,2172.55663800,959.19672800,613.07115500]
  resolution: [1920,1200]
cam1:
  T_cam_body:
  - [  0.22467788, -0.97404152,  0.02762199,  0.10109414]
  - [  0.15984298,  0.00887791, -0.98710253,  0.17284056]
  - [  0.96123362,  0.22619528,  0.15768837, -0.43577900]
  - [  0.00000000,  0.00000000,  0.00000000,  1.00000000]
  camera_model: pinhole
  distortion_coeffs: [ -0.20596600,  0.18770000, -0.00040500, -0.00052700,  0.00000000]
  distortion_model: plumb_bob
  intrinsics: [2175.13780800,2172.98911900,952.79468600,602.94764200]
  resolution: [1900,1200]
cam2:
  T_cam_body:
  - [  0.15774993, -0.98741570, -0.01118956,  0.17132846]
  - [ -0.17789850, -0.01727145, -0.98389726,  2.32218100]
  - [  0.97132234,  0.15720032, -0.17838434,  0.03412026]
  - [  0.00000000,  0.00000000,  0.00000000,  1.00000000]
  camera_model: pinhole
  distortion_coeffs: [ -0.18906700,  0.12491500,  0.00004300,  0.00029600,  0.00000000]
  distortion_model: plumb_bob
  intrinsics: [2168.75828100,2166.97968700,990.68865100,583.91409000]
  resolution: [1900,1200]
cam3:
  T_cam_body:
  - [ -0.22629839, -0.97405154, -0.00355448,  2.21190224]
  - [ -0.18037028,  0.04549035, -0.98254628,  2.20983857]
  - [  0.95721241, -0.22170752, -0.18598434,  0.54321611]
  - [  0.00000000,  0.00000000,  0.00000000,  1.00000000]
  camera_model: pinhole
  distortion_coeffs: [ -0.20373500,  0.17155500,  0.00030800,  0.00170700,  0.00000000]
  distortion_model: plumb_bob
  intrinsics: [2173.86677800,2171.87626100,976.88097600,604.27685400]
  resolution: [1900,1200]
cam4:
  T_cam_body:
  - [  0.22547253,  0.97351063, -0.03793655, -1.37891378]
  - [ -0.13346302, -0.00770795, -0.99102382,  1.00111652]
  - [ -0.96506464,  0.22851178,  0.12818973,  5.39122453]
  - [  0.00000000,  0.00000000,  0.00000000,  1.00000000]
  camera_model: pinhole
  distortion_coeffs: [ -0.19907400,  0.17018000,  0.00010400, -0.00099100,  0.00000000]
  distortion_model: plumb_bob
  intrinsics: [2167.49490200,2165.56980200,940.89474900,612.57647900]
  resolution: [1900,1200]
cam5:
  T_cam_body:
  - [ -0.29648184,  0.95503840,  0.00042132, -0.33720756]
  - [ -0.16813019, -0.05176001, -0.98440497,  1.28695467]
  - [ -0.94012274, -0.29192903,  0.17591669,  5.88405798]
  - [  0.00000000,  0.00000000,  0.00000000,  1.00000000]
  camera_model: pinhole
  distortion_coeffs: [ -0.20440700,  0.17692000, -0.00025400, -0.00018900,  0.00000000]
  distortion_model: plumb_bob
  intrinsics: [2169.53280200,2167.61894400,958.79047800,602.89947900]
  resolution: [1900,1200]
cam6:
  T_cam_body:
  - [ -0.16980357,  0.98512675, -0.02630672, -1.00477039]
  - [  0.18647237,  0.00590669, -0.98244245,  1.16057546]
  - [ -0.96767495, -0.17172771, -0.18470189,  6.26705267]
  - [  0.00000000,  0.00000000,  0.00000000,  1.00000000]
  camera_model: pinhole
  distortion_coeffs: [ -0.19957400,  0.16977500, -0.00008300, -0.00020300,  0.00000000]
  distortion_model: plumb_bob
  intrinsics: [2174.42781900,2172.57924300,956.85045600,596.94859000]
  resolution: [1900,1200]
cam7:
  T_cam_body:
  - [  0.30388414,  0.95261990, -0.01302911, -1.85584861]
  - [  0.15446333, -0.06275924, -0.98600322,  1.43089689]
  - [ -0.94010399,  0.29761822, -0.16621638,  5.63400574]
  - [  0.00000000,  0.00000000,  0.00000000,  1.00000000]
  camera_model: pinhole
  distortion_coeffs: [ -0.19961400,  0.16420700, -0.00003500,  0.00040600,  0.00000000]
  distortion_model: plumb_bob
  intrinsics: [2174.75669700,2173.42025700,960.91814700,599.51184600]
  resolution: [1900,1200]
