cam0:
  T_cam_body:
  - [ -0.25576347, -0.96541271,  0.05062949,  2.18948800]
  - [  0.12273188, -0.08437339, -0.98884681,  0.35191418]
  - [  0.95891706, -0.24669704,  0.14006655,  0.14975507]
  - [  0.00000000,  0.00000000,  0.00000000,  1.00000000]
  camera_model: pinhole
  distortion_coeffs: [ -0.20016700,  0.16097300,  0.00039200, -0.00092100,  0.00000000]
  distortion_model: plumb_bob
  intrinsics: [2174.55148200,2172.55663800,959.19672800,613.07115500]
  resolution: [1920,1200]
cam1:
  T_cam_body:
  - [  0.22374005, -0.97425010,  0.02787698,  0.10305503]
  - [  0.16014027,  0.00853335, -0.98705738,  0.17262231]
  - [  0.96140287,  0.22530849,  0.15792593, -0.43469767]
  - [  0.00000000,  0.00000000,  0.00000000,  1.00000000]
  camera_model: pinhole
  distortion_coeffs: [ -0.20596600,  0.18770000, -0.00040500, -0.00052700,  0.00000000]
  distortion_model: plumb_bob
  intrinsics: [2175.13780800,2172.98911900,952.79468600,602.94764200]
  resolution: [1900,1200]
cam2:
  T_cam_body:
  - [  0.15722493, -0.98749853, -0.01126826,  0.17151939]
  - [ -0.17751509, -0.01703512, -0.98397063,  2.32688769]
  - [  0.97147759,  0.15670500, -0.17797423,  0.03530566]
  - [  0.00000000,  0.00000000,  0.00000000,  1.00000000]
  camera_model: pinhole
  distortion_coeffs: [ -0.18906700,  0.12491500,  0.00004300,  0.00029600,  0.00000000]
  distortion_model: plumb_bob
  intrinsics: [2168.75828100,2166.97968700,990.68865100,583.91409000]
  resolution: [1900,1200]
cam3:
  T_cam_body:
  - [ -0.22611505, -0.97409533, -0.00320563,  2.21090872]
  - [ -0.17976523,  0.04496247, -0.98268145,  2.20962406]
  - [  0.95736955, -0.22162280, -0.18527516,  0.54218528]
  - [  0.00000000,  0.00000000,  0.00000000,  1.00000000]
  camera_model: pinhole
  distortion_coeffs: [ -0.20373500,  0.17155500,  0.00030800,  0.00170700,  0.00000000]
  distortion_model: plumb_bob
  intrinsics: [2173.86677800,2171.87626100,976.88097600,604.27685400]
  resolution: [1900,1200]
cam4:
  T_cam_body:
  - [  0.22195302,  0.97430843, -0.03820913, -1.36426447]
  - [ -0.13513074, -0.00807212, -0.99079490,  1.00535203]
  - [ -0.96564825,  0.22507315,  0.12986738,  5.38992852]
  - [  0.00000000,  0.00000000,  0.00000000,  1.00000000]
  camera_model: pinhole
  distortion_coeffs: [ -0.19907400,  0.17018000,  0.00010400, -0.00099100,  0.00000000]
  distortion_model: plumb_bob
  intrinsics: [2167.49490200,2165.56980200,940.89474900,612.57647900]
  resolution: [1900,1200]
cam5:
  T_cam_body:
  - [ -0.29392271,  0.95582917,  0.00021360, -0.35661091]
  - [ -0.16837182, -0.05155529, -0.98437441,  1.28793172]
  - [ -0.94088276, -0.28936596,  0.17608797,  5.88079821]
  - [  0.00000000,  0.00000000,  0.00000000,  1.00000000]
  camera_model: pinhole
  distortion_coeffs: [ -0.20440700,  0.17692000, -0.00025400, -0.00018900,  0.00000000]
  distortion_model: plumb_bob
  intrinsics: [2169.53280200,2167.61894400,958.79047800,602.89947900]
  resolution: [1900,1200]
cam6:
  T_cam_body:
  - [ -0.17026520,  0.98505412, -0.02604134, -1.00411938]
  - [  0.18637390,  0.00624173, -0.98245906,  1.16122156]
  - [ -0.96761280, -0.17213201, -0.18465113,  6.26588712]
  - [  0.00000000,  0.00000000,  0.00000000,  1.00000000]
  camera_model: pinhole
  distortion_coeffs: [ -0.19957400,  0.16977500, -0.00008300, -0.00020300,  0.00000000]
  distortion_model: plumb_bob
  intrinsics: [2174.42781900,2172.57924300,956.85045600,596.94859000]
  resolution: [1900,1200]
cam7:
  T_cam_body:
  - [  0.30367841,  0.95268279, -0.01322581, -1.85524086]
  - [  0.15327690, -0.06254989, -0.98620165,  1.43241271]
  - [ -0.94036462,  0.29746094, -0.16501932,  5.63116220]
  - [  0.00000000,  0.00000000,  0.00000000,  1.00000000]
  camera_model: pinhole
  distortion_coeffs: [ -0.19961400,  0.16420700, -0.00003500,  0.00040600,  0.00000000]
  distortion_model: plumb_bob
  intrinsics: [2174.75669700,2173.42025700,960.91814700,599.51184600]
  resolution: [1900,1200]
