cam0:
  T_cam_body:
  - [ -0.25731506, -0.96492861,  0.05197828,  2.19310914]
  - [  0.12008210, -0.08530191, -0.98909245,  0.36135989]
  - [  0.95883745, -0.24826673,  0.13782012,  0.16059126]
  - [  0.00000000,  0.00000000,  0.00000000,  1.00000000]
  camera_model: pinhole
  distortion_coeffs: [ -0.20016700,  0.16097300,  0.00039200, -0.00092100,  0.00000000]
  distortion_model: plumb_bob
  intrinsics: [2174.55148200,2172.55663800,959.19672800,613.07115500]
  resolution: [1920,1200]
cam1:
  T_cam_body:
  - [  0.22024228, -0.97503967,  0.02812421,  0.12270856]
  - [  0.15878761,  0.00738958, -0.98728511,  0.17938525]
  - [  0.96243433,  0.22190770,  0.15645172, -0.43378441]
  - [  0.00000000,  0.00000000,  0.00000000,  1.00000000]
  camera_model: pinhole
  distortion_coeffs: [ -0.20596600,  0.18770000, -0.00040500, -0.00052700,  0.00000000]
  distortion_model: plumb_bob
  intrinsics: [2175.13780800,2172.98911900,952.79468600,602.94764200]
  resolution: [1900,1200]
cam2:
  T_cam_body:
  - [  0.15584447, -0.98772954, -0.01014172,  0.18290519]
  - [ -0.17944813, -0.01821411, -0.98359881,  2.33019487]
  - [  0.97134488,  0.15510835, -0.18008478,  0.04298758]
  - [  0.00000000,  0.00000000,  0.00000000,  1.00000000]
  camera_model: pinhole
  distortion_coeffs: [ -0.18906700,  0.12491500,  0.00004300,  0.00029600,  0.00000000]
  distortion_model: plumb_bob
  intrinsics: [2168.75828100,2166.97968700,990.68865100,583.91409000]
  resolution: [1900,1200]
cam3:
  T_cam_body:
  - [ -0.22562559, -0.97421002, -0.00281634,  2.20608438]
  - [ -0.18151909,  0.04487946, -0.98236279,  2.21374242]
  - [  0.95715407, -0.22113496, -0.18696367,  0.54510830]
  - [  0.00000000,  0.00000000,  0.00000000,  1.00000000]
  camera_model: pinhole
  distortion_coeffs: [ -0.20373500,  0.17155500,  0.00030800,  0.00170700,  0.00000000]
  distortion_model: plumb_bob
  intrinsics: [2173.86677800,2171.87626100,976.88097600,604.27685400]
  resolution: [1900,1200]
cam4:
  T_cam_body:
  - [  0.22417516,  0.97380731, -0.03801091, -1.37222053]
  - [ -0.13394835, -0.00784477, -0.99095726,  0.99965109]
  - [ -0.96529961,  0.22723950,  0.12868128,  5.39197808]
  - [  0.00000000,  0.00000000,  0.00000000,  1.00000000]
  camera_model: pinhole
  distortion_coeffs: [ -0.19907400,  0.17018000,  0.00010400, -0.00099100,  0.00000000]
  distortion_model: plumb_bob
  intrinsics: [2167.49490200,2165.56980200,940.89474900,612.57647900]
  resolution: [1900,1200]
cam5:
  T_cam_body:
  - [ -0.29571730,  0.95527547,  0.00022780, -0.34208985]
  - [ -0.16779033, -0.05170680, -0.98446575,  1.28627129]
  - [ -0.94042420, -0.29116178,  0.17557658,  5.88297652]
  - [  0.00000000,  0.00000000,  0.00000000,  1.00000000]
  camera_model: pinhole
  distortion_coeffs: [ -0.20440700,  0.17692000, -0.00025400, -0.00018900,  0.00000000]
  distortion_model: plumb_bob
  intrinsics: [2169.53280200,2167.61894400,958.79047800,602.89947900]
  resolution: [1900,1200]
cam6:
  T_cam_body:
  - [ -0.17007507,  0.98507870, -0.02635188, -1.00391750]
  - [  0.18694882,  0.00599803, -0.98235134,  1.15991902]
  - [ -0.96753533, -0.17199993, -0.18517942,  6.26795090]
  - [  0.00000000,  0.00000000,  0.00000000,  1.00000000]
  camera_model: pinhole
  distortion_coeffs: [ -0.19957400,  0.16977500, -0.00008300, -0.00020300,  0.00000000]
  distortion_model: plumb_bob
  intrinsics: [2174.42781900,2172.57924300,956.85045600,596.94859000]
  resolution: [1900,1200]
cam7:
  T_cam_body:
  - [  0.30358913,  0.95271451, -0.01298836, -1.85553290]
  - [  0.15473072, -0.06274764, -0.98596204,  1.43061368]
  - [ -0.94015533,  0.29731766, -0.16646370,  5.63470017]
  - [  0.00000000,  0.00000000,  0.00000000,  1.00000000]
  camera_model: pinhole
  distortion_coeffs: [ -0.19961400,  0.16420700, -0.00003500,  0.00040600,  0.00000000]
  distortion_model: plumb_bob
  intrinsics: [2174.75669700,2173.42025700,960.91814700,599.51184600]
  resolution: [1900,1200]
