cam0:
  T_cam_body:
  - [ -0.25562308, -0.96542626,  0.05107816,  2.20102468]
  - [  0.12087494, -0.08433451, -0.98907883,  0.35779885]
  - [  0.95919033, -0.24665731,  0.13825368,  0.15892695]
  - [  0.00000000,  0.00000000,  0.00000000,  1.00000000]
  camera_model: pinhole
  distortion_coeffs: [ -0.20016700,  0.16097300,  0.00039200, -0.00092100,  0.00000000]
  distortion_model: plumb_bob
  intrinsics: [2174.55148200,2172.55663800,959.19672800,613.07115500]
  resolution: [1920,1200]
cam1:
  T_cam_body:
  - [  0.22277842, -0.97446245,  0.02815496,  0.10414648]
  - [  0.15994770,  0.00804684, -0.98709269,  0.17304176]
  - [  0.96165821,  0.22440627,  0.15765569, -0.43042981]
  - [  0.00000000,  0.00000000,  0.00000000,  1.00000000]
  camera_model: pinhole
  distortion_coeffs: [ -0.20596600,  0.18770000, -0.00040500, -0.00052700,  0.00000000]
  distortion_model: plumb_bob
  intrinsics: [2175.13780800,2172.98911900,952.79468600,602.94764200]
  resolution: [1900,1200]
cam2:
  T_cam_body:
  - [  0.15816773, -0.98734869, -0.01120374,  0.16791931]
  - [ -0.17900878, -0.01751396, -0.98369158,  2.33098968]
  - [  0.97105037,  0.15759384, -0.17951423,  0.04228130]
  - [  0.00000000,  0.00000000,  0.00000000,  1.00000000]
  camera_model: pinhole
  distortion_coeffs: [ -0.18906700,  0.12491500,  0.00004300,  0.00029600,  0.00000000]
  distortion_model: plumb_bob
  intrinsics: [2168.75828100,2166.97968700,990.68865100,583.91409000]
  resolution: [1900,1200]
cam3:
  T_cam_body:
  - [ -0.22626757, -0.97406011, -0.00314348,  2.21050352]
  - [ -0.18082527,  0.04517513, -0.98247719,  2.21107155]
  - [  0.95713385, -0.22173431, -0.18635635,  0.54650234]
  - [  0.00000000,  0.00000000,  0.00000000,  1.00000000]
  camera_model: pinhole
  distortion_coeffs: [ -0.20373500,  0.17155500,  0.00030800,  0.00170700,  0.00000000]
  distortion_model: plumb_bob
  intrinsics: [2173.86677800,2171.87626100,976.88097600,604.27685400]
  resolution: [1900,1200]
cam4:
  T_cam_body:
  - [  0.22430191,  0.97378237, -0.03790179, -1.37037981]
  - [ -0.13352084, -0.00781722, -0.99101518,  1.00176389]
  - [ -0.96532939,  0.22734728,  0.12826682,  5.39161041]
  - [  0.00000000,  0.00000000,  0.00000000,  1.00000000]
  camera_model: pinhole
  distortion_coeffs: [ -0.19907400,  0.17018000,  0.00010400, -0.00099100,  0.00000000]
  distortion_model: plumb_bob
  intrinsics: [2167.49490200,2165.56980200,940.89474900,612.57647900]
  resolution: [1900,1200]
cam5:
  T_cam_body:
  - [ -0.29558735,  0.95531566,  0.00032779, -0.34419571]
  - [ -0.16806614, -0.05166412, -0.98442094,  1.28721058]
  - [ -0.94041581, -0.29103746,  0.17582747,  5.88270573]
  - [  0.00000000,  0.00000000,  0.00000000,  1.00000000]
  camera_model: pinhole
  distortion_coeffs: [ -0.20440700,  0.17692000, -0.00025400, -0.00018900,  0.00000000]
  distortion_model: plumb_bob
  intrinsics: [2169.53280200,2167.61894400,958.79047800,602.89947900]
  resolution: [1900,1200]
cam6:
  T_cam_body:
  - [ -0.17024524,  0.98505471, -0.02614915, -1.00410209]
  - [  0.18667975,  0.00618481, -0.98240135,  1.16134142]
  - [ -0.96755735, -0.17213068, -0.18494270,  6.26705949]
  - [  0.00000000,  0.00000000,  0.00000000,  1.00000000]
  camera_model: pinhole
  distortion_coeffs: [ -0.19957400,  0.16977500, -0.00008300, -0.00020300,  0.00000000]
  distortion_model: plumb_bob
  intrinsics: [2174.42781900,2172.57924300,956.85045600,596.94859000]
  resolution: [1900,1200]
cam7:
  T_cam_body:
  - [  0.30378591,  0.95265295, -0.01290257, -1.85507412]
  - [  0.15426362, -0.06254709, -0.98604797,  1.43138063]
  - [ -0.94016853,  0.29755708, -0.16596061,  5.63230512]
  - [  0.00000000,  0.00000000,  0.00000000,  1.00000000]
  camera_model: pinhole
  distortion_coeffs: [ -0.19961400,  0.16420700, -0.00003500,  0.00040600,  0.00000000]
  distortion_model: plumb_bob
  intrinsics: [2174.75669700,2173.42025700,960.91814700,599.51184600]
  resolution: [1900,1200]
