cam0:
  T_cam_body:
  - [ -0.25614619, -0.96528740,  0.05108201,  2.18829201]
  - [  0.12175199, -0.08464174, -0.98894501,  0.35330121]
  - [  0.95893982, -0.24709516,  0.13920632,  0.15088343]
  - [  0.00000000,  0.00000000,  0.00000000,  1.00000000]
  camera_model: pinhole
  distortion_coeffs: [ -0.20016700,  0.16097300,  0.00039200, -0.00092100,  0.00000000]
  distortion_model: plumb_bob
  intrinsics: [2174.55148200,2172.55663800,959.19672800,613.07115500]
  resolution: [1920,1200]
cam1:
  T_cam_body:
  - [  0.22394130, -0.97419742,  0.02810139,  0.10188101]
  - [  0.15972406,  0.00824182, -0.98712730,  0.17316932]
  - [  0.96142525,  0.22554704,  0.15744845, -0.43555187]
  - [  0.00000000,  0.00000000,  0.00000000,  1.00000000]
  camera_model: pinhole
  distortion_coeffs: [ -0.20596600,  0.18770000, -0.00040500, -0.00052700,  0.00000000]
  distortion_model: plumb_bob
  intrinsics: [2175.13780800,2172.98911900,952.79468600,602.94764200]
  resolution: [1900,1200]
cam2:
  T_cam_body:
  - [  0.15808288, -0.98736488, -0.01097233,  0.16750737]
  - [ -0.17862552, -0.01766674, -0.98375851,  2.32927165]
  - [  0.97113476,  0.15747532, -0.17916138,  0.03769993]
  - [  0.00000000,  0.00000000,  0.00000000,  1.00000000]
  camera_model: pinhole
  distortion_coeffs: [ -0.18906700,  0.12491500,  0.00004300,  0.00029600,  0.00000000]
  distortion_model: plumb_bob
  intrinsics: [2168.75828100,2166.97968700,990.68865100,583.91409000]
  resolution: [1900,1200]
cam3:
  T_cam_body:
  - [ -0.22610566, -0.97409780, -0.00311519,  2.21064790]
  - [ -0.18009110,  0.04494484, -0.98262259,  2.21033859]
  - [  0.95731052, -0.22161551, -0.18558863,  0.54237590]
  - [  0.00000000,  0.00000000,  0.00000000,  1.00000000]
  camera_model: pinhole
  distortion_coeffs: [ -0.20373500,  0.17155500,  0.00030800,  0.00170700,  0.00000000]
  distortion_model: plumb_bob
  intrinsics: [2173.86677800,2171.87626100,976.88097600,604.27685400]
  resolution: [1900,1200]
cam4:
  T_cam_body:
  - [  0.22373591,  0.97391324, -0.03788455, -1.37453262]
  - [ -0.13463383, -0.00761474, -0.99086616,  1.00263781]
  - [ -0.96530615,  0.22679289,  0.12941798,  5.38847125]
  - [  0.00000000,  0.00000000,  0.00000000,  1.00000000]
  camera_model: pinhole
  distortion_coeffs: [ -0.19907400,  0.17018000,  0.00010400, -0.00099100,  0.00000000]
  distortion_model: plumb_bob
  intrinsics: [2167.49490200,2165.56980200,940.89474900,612.57647900]
  resolution: [1900,1200]
cam5:
  T_cam_body:
  - [ -0.29526998,  0.95541382,  0.00025779, -0.34735983]
  - [ -0.16837009, -0.05176906, -0.98436349,  1.28893138]
  - [ -0.94046114, -0.29069639,  0.17614896,  5.88177944]
  - [  0.00000000,  0.00000000,  0.00000000,  1.00000000]
  camera_model: pinhole
  distortion_coeffs: [ -0.20440700,  0.17692000, -0.00025400, -0.00018900,  0.00000000]
  distortion_model: plumb_bob
  intrinsics: [2169.53280200,2167.61894400,958.79047800,602.89947900]
  resolution: [1900,1200]
cam6:
  T_cam_body:
  - [ -0.16991924,  0.98511445, -0.02601852, -1.00559074]
  - [  0.18639828,  0.00620297, -0.98245468,  1.16187293]
  - [ -0.96766892, -0.17178777, -0.18467765,  6.26605651]
  - [  0.00000000,  0.00000000,  0.00000000,  1.00000000]
  camera_model: pinhole
  distortion_coeffs: [ -0.19957400,  0.16977500, -0.00008300, -0.00020300,  0.00000000]
  distortion_model: plumb_bob
  intrinsics: [2174.42781900,2172.57924300,956.85045600,596.94859000]
  resolution: [1900,1200]
cam7:
  T_cam_body:
  - [  0.30387411,  0.95262204, -0.01310629, -1.85607928]
  - [  0.15362016, -0.06257037, -0.98614694,  1.43122987]
  - [ -0.94024538,  0.29765114, -0.16535547,  5.63168390]
  - [  0.00000000,  0.00000000,  0.00000000,  1.00000000]
  camera_model: pinhole
  distortion_coeffs: [ -0.19961400,  0.16420700, -0.00003500,  0.00040600,  0.00000000]
  distortion_model: plumb_bob
  intrinsics: [2174.75669700,2173.42025700,960.91814700,599.51184600]
  resolution: [1900,1200]
