cam0:
  T_cam_body:
  - [ -0.25474753, -0.96563671,  0.05147265,  2.18788876]
  - [  0.12144188, -0.08475454, -0.98897348,  0.35339811]
  - [  0.95935164, -0.24568762,  0.13885975,  0.15062772]
  - [  0.00000000,  0.00000000,  0.00000000,  1.00000000]
  camera_model: pinhole
  distortion_coeffs: [ -0.20016700,  0.16097300,  0.00039200, -0.00092100,  0.00000000]
  distortion_model: plumb_bob
  intrinsics: [2174.55148200,2172.55663800,959.19672800,613.07115500]
  resolution: [1920,1200]
cam1:
  T_cam_body:
  - [  0.22318502, -0.97437739,  0.02787752,  0.10368232]
  - [  0.15975896,  0.00835131, -0.98712073,  0.17336906]
  - [  0.96159530,  0.22476424,  0.15752940, -0.43231719]
  - [  0.00000000,  0.00000000,  0.00000000,  1.00000000]
  camera_model: pinhole
  distortion_coeffs: [ -0.20596600,  0.18770000, -0.00040500, -0.00052700,  0.00000000]
  distortion_model: plumb_bob
  intrinsics: [2175.13780800,2172.98911900,952.79468600,602.94764200]
  resolution: [1900,1200]
cam2:
  T_cam_body:
  - [  0.15807676, -0.98736686, -0.01088231,  0.16849423]
  - [ -0.17905668, -0.01782521, -0.98367727,  2.33100592]
  - [  0.97105636,  0.15744506, -0.17961238,  0.04104909]
  - [  0.00000000,  0.00000000,  0.00000000,  1.00000000]
  camera_model: pinhole
  distortion_coeffs: [ -0.18906700,  0.12491500,  0.00004300,  0.00029600,  0.00000000]
  distortion_model: plumb_bob
  intrinsics: [2168.75828100,2166.97968700,990.68865100,583.91409000]
  resolution: [1900,1200]
cam3:
  T_cam_body:
  - [ -0.22575746, -0.97417920, -0.00290812,  2.20878132]
  - [ -0.18025081,  0.04470481, -0.98260426,  2.21076032]
  - [  0.95736263, -0.22130605, -0.18568904,  0.54519489]
  - [  0.00000000,  0.00000000,  0.00000000,  1.00000000]
  camera_model: pinhole
  distortion_coeffs: [ -0.20373500,  0.17155500,  0.00030800,  0.00170700,  0.00000000]
  distortion_model: plumb_bob
  intrinsics: [2173.86677800,2171.87626100,976.88097600,604.27685400]
  resolution: [1900,1200]
cam4:
  T_cam_body:
  - [  0.22352668,  0.97396463, -0.03779860, -1.37293881]
  - [ -0.13460499, -0.00756260, -0.99087048,  1.00103246]
  - [ -0.96535865,  0.22657386,  0.12941006,  5.38946221]
  - [  0.00000000,  0.00000000,  0.00000000,  1.00000000]
  camera_model: pinhole
  distortion_coeffs: [ -0.19907400,  0.17018000,  0.00010400, -0.00099100,  0.00000000]
  distortion_model: plumb_bob
  intrinsics: [2167.49490200,2165.56980200,940.89474900,612.57647900]
  resolution: [1900,1200]
cam5:
  T_cam_body:
  - [ -0.29538584,  0.95537796,  0.00040728, -0.34539021]
  - [ -0.16798781, -0.05151917, -0.98444191,  1.28694240]
  - [ -0.94049312, -0.29085862,  0.17570988,  5.88263441]
  - [  0.00000000,  0.00000000,  0.00000000,  1.00000000]
  camera_model: pinhole
  distortion_coeffs: [ -0.20440700,  0.17692000, -0.00025400, -0.00018900,  0.00000000]
  distortion_model: plumb_bob
  intrinsics: [2169.53280200,2167.61894400,958.79047800,602.89947900]
  resolution: [1900,1200]
cam6:
  T_cam_body:
  - [ -0.16993532,  0.98510743, -0.02617897, -1.00488181]
  - [  0.18636698,  0.00604046, -0.98246163,  1.16290169]
  - [ -0.96767212, -0.17183383, -0.18461799,  6.26617892]
  - [  0.00000000,  0.00000000,  0.00000000,  1.00000000]
  camera_model: pinhole
  distortion_coeffs: [ -0.19957400,  0.16977500, -0.00008300, -0.00020300,  0.00000000]
  distortion_model: plumb_bob
  intrinsics: [2174.42781900,2172.57924300,956.85045600,596.94859000]
  resolution: [1900,1200]
cam7:
  T_cam_body:
  - [  0.30355884,  0.95272484, -0.01293867, -1.85471303]
  - [  0.15367433, -0.06235662, -0.98615204,  1.43130256]
  - [ -0.94033836,  0.29736683, -0.16533825,  5.63291915]
  - [  0.00000000,  0.00000000,  0.00000000,  1.00000000]
  camera_model: pinhole
  distortion_coeffs: [ -0.19961400,  0.16420700, -0.00003500,  0.00040600,  0.00000000]
  distortion_model: plumb_bob
  intrinsics: [2174.75669700,2173.42025700,960.91814700,599.51184600]
  resolution: [1900,1200]
