cam0:
  T_cam_body:
  - [ -0.25561599, -0.96543293,  0.05098753,  2.18793649]
  - [  0.12210068, -0.08455578, -0.98890937,  0.35347787]
  - [  0.95903696, -0.24655544,  0.13949383,  0.14926339]
  - [  0.00000000,  0.00000000,  0.00000000,  1.00000000]
  camera_model: pinhole
  distortion_coeffs: [ -0.20016700,  0.16097300,  0.00039200, -0.00092100,  0.00000000]
  distortion_model: plumb_bob
  intrinsics: [2174.55148200,2172.55663800,959.19672800,613.07115500]
  resolution: [1920,1200]
cam1:
  T_cam_body:
  - [  0.22412816, -0.97415498,  0.02808289,  0.10104684]
  - [  0.15996461,  0.00834807, -0.98708745,  0.17291109]
  - [  0.96134171,  0.22572636,  0.15770136, -0.43560883]
  - [  0.00000000,  0.00000000,  0.00000000,  1.00000000]
  camera_model: pinhole
  distortion_coeffs: [ -0.20596600,  0.18770000, -0.00040500, -0.00052700,  0.00000000]
  distortion_model: plumb_bob
  intrinsics: [2175.13780800,2172.98911900,952.79468600,602.94764200]
  resolution: [1900,1200]
cam2:
  T_cam_body:
  - [  0.15795554, -0.98738493, -0.01100212,  0.16789894]
  - [ -0.17815560, -0.01753751, -0.98384603,  2.32811176]
  - [  0.97124180,  0.15736402, -0.17867831,  0.03574223]
  - [  0.00000000,  0.00000000,  0.00000000,  1.00000000]
  camera_model: pinhole
  distortion_coeffs: [ -0.18906700,  0.12491500,  0.00004300,  0.00029600,  0.00000000]
  distortion_model: plumb_bob
  intrinsics: [2168.75828100,2166.97968700,990.68865100,583.91409000]
  resolution: [1900,1200]
cam3:
  T_cam_body:
  - [ -0.22584653, -0.97415765, -0.00319619,  2.20954668]
  - [ -0.17994269,  0.04494156, -0.98264993,  2.21068519]
  - [  0.95739959, -0.22135294, -0.18544245,  0.54174315]
  - [  0.00000000,  0.00000000,  0.00000000,  1.00000000]
  camera_model: pinhole
  distortion_coeffs: [ -0.20373500,  0.17155500,  0.00030800,  0.00170700,  0.00000000]
  distortion_model: plumb_bob
  intrinsics: [2173.86677800,2171.87626100,976.88097600,604.27685400]
  resolution: [1900,1200]
cam4:
  T_cam_body:
  - [  0.22513623,  0.97358136, -0.03811839, -1.37199106]
  - [ -0.13433494, -0.00773235, -0.99090581,  1.00363028]
  - [ -0.96502218,  0.22820943,  0.12904516,  5.38920463]
  - [  0.00000000,  0.00000000,  0.00000000,  1.00000000]
  camera_model: pinhole
  distortion_coeffs: [ -0.19907400,  0.17018000,  0.00010400, -0.00099100,  0.00000000]
  distortion_model: plumb_bob
  intrinsics: [2167.49490200,2165.56980200,940.89474900,612.57647900]
  resolution: [1900,1200]
cam5:
  T_cam_body:
  - [ -0.29533675,  0.95539315,  0.00036589, -0.34545033]
  - [ -0.16830716, -0.05165111, -0.98438045,  1.28877038]
  - [ -0.94045144, -0.29078530,  0.17605398,  5.88246326]
  - [  0.00000000,  0.00000000,  0.00000000,  1.00000000]
  camera_model: pinhole
  distortion_coeffs: [ -0.20440700,  0.17692000, -0.00025400, -0.00018900,  0.00000000]
  distortion_model: plumb_bob
  intrinsics: [2169.53280200,2167.61894400,958.79047800,602.89947900]
  resolution: [1900,1200]
cam6:
  T_cam_body:
  - [ -0.16972439,  0.98514074, -0.02629376, -1.00562883]
  - [  0.18619210,  0.00585482, -0.98249592,  1.16321988]
  - [ -0.96774280, -0.17164921, -0.18441913,  6.26660528]
  - [  0.00000000,  0.00000000,  0.00000000,  1.00000000]
  camera_model: pinhole
  distortion_coeffs: [ -0.19957400,  0.16977500, -0.00008300, -0.00020300,  0.00000000]
  distortion_model: plumb_bob
  intrinsics: [2174.42781900,2172.57924300,956.85045600,596.94859000]
  resolution: [1900,1200]
cam7:
  T_cam_body:
  - [  0.30438796,  0.95245901, -0.01303123, -1.85493322]
  - [  0.15380931, -0.06264623, -0.98611264,  1.43239281]
  - [ -0.94004823,  0.29815649, -0.16556582,  5.63106633]
  - [  0.00000000,  0.00000000,  0.00000000,  1.00000000]
  camera_model: pinhole
  distortion_coeffs: [ -0.19961400,  0.16420700, -0.00003500,  0.00040600,  0.00000000]
  distortion_model: plumb_bob
  intrinsics: [2174.75669700,2173.42025700,960.91814700,599.51184600]
  resolution: [1900,1200]
