cam0:
  T_cam_body:
  - [ -0.25642338, -0.96522104,  0.05094504,  2.18972709]
  - [  0.12195028, -0.08459379, -0.98892468,  0.35299291]
  - [  0.95884054, -0.24737065,  0.13940080,  0.15061614]
  - [  0.00000000,  0.00000000,  0.00000000,  1.00000000]
  camera_model: pinhole
  distortion_coeffs: [ -0.20016700,  0.16097300,  0.00039200, -0.00092100,  0.00000000]
  distortion_model: plumb_bob
  intrinsics: [2174.55148200,2172.55663800,959.19672800,613.07115500]
  resolution: [1920,1200]
cam1:
  T_cam_body:
  - [  0.22425893, -0.97413610,  0.02769110,  0.10184861]
  - [  0.16009586,  0.00879763, -0.98706227,  0.17281325]
  - [  0.96128937,  0.22579076,  0.15792811, -0.43600254]
  - [  0.00000000,  0.00000000,  0.00000000,  1.00000000]
  camera_model: pinhole
  distortion_coeffs: [ -0.20596600,  0.18770000, -0.00040500, -0.00052700,  0.00000000]
  distortion_model: plumb_bob
  intrinsics: [2175.13780800,2172.98911900,952.79468600,602.94764200]
  resolution: [1900,1200]
cam2:
  T_cam_body:
  - [  0.15771358, -0.98742158, -0.01118262,  0.16951830]
  - [ -0.17808987, -0.01730267, -0.98386209,  2.32798480]
  - [  0.97129317,  0.15715993, -0.17857865,  0.03556708]
  - [  0.00000000,  0.00000000,  0.00000000,  1.00000000]
  camera_model: pinhole
  distortion_coeffs: [ -0.18906700,  0.12491500,  0.00004300,  0.00029600,  0.00000000]
  distortion_model: plumb_bob
  intrinsics: [2168.75828100,2166.97968700,990.68865100,583.91409000]
  resolution: [1900,1200]
cam3:
  T_cam_body:
  - [ -0.22624503, -0.97406483, -0.00329956,  2.21132573]
  - [ -0.18009982,  0.04516011, -0.98261112,  2.20972364]
  - [  0.95727595, -0.22171664, -0.18564615,  0.54221454]
  - [  0.00000000,  0.00000000,  0.00000000,  1.00000000]
  camera_model: pinhole
  distortion_coeffs: [ -0.20373500,  0.17155500,  0.00030800,  0.00170700,  0.00000000]
  distortion_model: plumb_bob
  intrinsics: [2173.86677800,2171.87626100,976.88097600,604.27685400]
  resolution: [1900,1200]
cam4:
  T_cam_body:
  - [  0.22289573,  0.97409920, -0.03805578, -1.37138691]
  - [ -0.13484279, -0.00785459, -0.99083587,  1.00408072]
  - [ -0.96547134,  0.22598463,  0.12959950,  5.38968055]
  - [  0.00000000,  0.00000000,  0.00000000,  1.00000000]
  camera_model: pinhole
  distortion_coeffs: [ -0.19907400,  0.17018000,  0.00010400, -0.00099100,  0.00000000]
  distortion_model: plumb_bob
  intrinsics: [2167.49490200,2165.56980200,940.89474900,612.57647900]
  resolution: [1900,1200]
cam5:
  T_cam_body:
  - [ -0.29555610,  0.95532531,  0.00036889, -0.34485494]
  - [ -0.16827587, -0.05168065, -0.98438425,  1.28787131]
  - [ -0.94038812, -0.29100285,  0.17603273,  5.88175391]
  - [  0.00000000,  0.00000000,  0.00000000,  1.00000000]
  camera_model: pinhole
  distortion_coeffs: [ -0.20440700,  0.17692000, -0.00025400, -0.00018900,  0.00000000]
  distortion_model: plumb_bob
  intrinsics: [2169.53280200,2167.61894400,958.79047800,602.89947900]
  resolution: [1900,1200]
cam6:
  T_cam_body:
  - [ -0.16995602,  0.98510398, -0.02617429, -1.00444214]
  - [  0.18646923,  0.00606722, -0.98244207,  1.16112777]
  - [ -0.96764879, -0.17185264, -0.18472274,  6.26525279]
  - [  0.00000000,  0.00000000,  0.00000000,  1.00000000]
  camera_model: pinhole
  distortion_coeffs: [ -0.19957400,  0.16977500, -0.00008300, -0.00020300,  0.00000000]
  distortion_model: plumb_bob
  intrinsics: [2174.42781900,2172.57924300,956.85045600,596.94859000]
  resolution: [1900,1200]
cam7:
  T_cam_body:
  - [  0.30356665,  0.95271840, -0.01322623, -1.85564582]
  - [  0.15364278, -0.06264571, -0.98613864,  1.43149461]
  - [ -0.94034099,  0.29732669, -0.16539546,  5.63248751]
  - [  0.00000000,  0.00000000,  0.00000000,  1.00000000]
  camera_model: pinhole
  distortion_coeffs: [ -0.19961400,  0.16420700, -0.00003500,  0.00040600,  0.00000000]
  distortion_model: plumb_bob
  intrinsics: [2174.75669700,2173.42025700,960.91814700,599.51184600]
  resolution: [1900,1200]
