cam0:
  T_cam_body:
  - [ -0.25577787, -0.96542841,  0.05025596,  2.19051480]
  - [  0.12328647, -0.08413566, -0.98879808,  0.35180224]
  - [  0.95884207, -0.24671679,  0.14054430,  0.14744689]
  - [  0.00000000,  0.00000000,  0.00000000,  1.00000000]
  camera_model: pinhole
  distortion_coeffs: [ -0.20016700,  0.16097300,  0.00039200, -0.00092100,  0.00000000]
  distortion_model: plumb_bob
  intrinsics: [2174.55148200,2172.55663800,959.19672800,613.07115500]
  resolution: [1920,1200]
cam1:
  T_cam_body:
  - [  0.22375322, -0.97424342,  0.02800475,  0.10157362]
  - [  0.16019070,  0.00841791, -0.98705019,  0.17281004]
  - [  0.96139141,  0.22534175,  0.15794827, -0.43746139]
  - [  0.00000000,  0.00000000,  0.00000000,  1.00000000]
  camera_model: pinhole
  distortion_coeffs: [ -0.20596600,  0.18770000, -0.00040500, -0.00052700,  0.00000000]
  distortion_model: plumb_bob
  intrinsics: [2175.13780800,2172.98911900,952.79468600,602.94764200]
  resolution: [1900,1200]
cam2:
  T_cam_body:
  - [  0.15703630, -0.98752430, -0.01163411,  0.17300637]
  - [ -0.17636791, -0.01645127, -0.98418683,  2.32120447]
  - [  0.97171702,  0.15660494, -0.17675104,  0.02868299]
  - [  0.00000000,  0.00000000,  0.00000000,  1.00000000]
  camera_model: pinhole
  distortion_coeffs: [ -0.18906700,  0.12491500,  0.00004300,  0.00029600,  0.00000000]
  distortion_model: plumb_bob
  intrinsics: [2168.75828100,2166.97968700,990.68865100,583.91409000]
  resolution: [1900,1200]
cam3:
  T_cam_body:
  - [ -0.22621706, -0.97407087, -0.00343291,  2.21136324]
  - [ -0.17953577,  0.04515854, -0.98271441,  2.20969461]
  - [  0.95738851, -0.22169043, -0.18509619,  0.53993179]
  - [  0.00000000,  0.00000000,  0.00000000,  1.00000000]
  camera_model: pinhole
  distortion_coeffs: [ -0.20373500,  0.17155500,  0.00030800,  0.00170700,  0.00000000]
  distortion_model: plumb_bob
  intrinsics: [2173.86677800,2171.87626100,976.88097600,604.27685400]
  resolution: [1900,1200]
cam4:
  T_cam_body:
  - [  0.22125107,  0.97447778, -0.03796075, -1.36070121]
  - [ -0.13500216, -0.00794544, -0.99081345,  1.00542589]
  - [ -0.96582731,  0.22434332,  0.12979867,  5.39036276]
  - [  0.00000000,  0.00000000,  0.00000000,  1.00000000]
  camera_model: pinhole
  distortion_coeffs: [ -0.19907400,  0.17018000,  0.00010400, -0.00099100,  0.00000000]
  distortion_model: plumb_bob
  intrinsics: [2167.49490200,2165.56980200,940.89474900,612.57647900]
  resolution: [1900,1200]
cam5:
  T_cam_body:
  - [ -0.29409362,  0.95577657,  0.00030147, -0.35511334]
  - [ -0.16823116, -0.05145443, -0.98440374,  1.28685452]
  - [ -0.94085452, -0.28955758,  0.17592382,  5.87957817]
  - [  0.00000000,  0.00000000,  0.00000000,  1.00000000]
  camera_model: pinhole
  distortion_coeffs: [ -0.20440700,  0.17692000, -0.00025400, -0.00018900,  0.00000000]
  distortion_model: plumb_bob
  intrinsics: [2169.53280200,2167.61894400,958.79047800,602.89947900]
  resolution: [1900,1200]
cam6:
  T_cam_body:
  - [ -0.17003912,  0.98508103, -0.02649659, -1.00363246]
  - [  0.18569899,  0.00562471, -0.98259058,  1.16548049]
  - [ -0.96778230, -0.17199923, -0.18388497,  6.26330968]
  - [  0.00000000,  0.00000000,  0.00000000,  1.00000000]
  camera_model: pinhole
  distortion_coeffs: [ -0.19957400,  0.16977500, -0.00008300, -0.00020300,  0.00000000]
  distortion_model: plumb_bob
  intrinsics: [2174.42781900,2172.57924300,956.85045600,596.94859000]
  resolution: [1900,1200]
cam7:
  T_cam_body:
  - [  0.30334441,  0.95278808, -0.01330534, -1.85374501]
  - [  0.15309624, -0.06251447, -0.98623196,  1.43489158]
  - [ -0.94050184,  0.29713096, -0.16483169,  5.63068381]
  - [  0.00000000,  0.00000000,  0.00000000,  1.00000000]
  camera_model: pinhole
  distortion_coeffs: [ -0.19961400,  0.16420700, -0.00003500,  0.00040600,  0.00000000]
  distortion_model: plumb_bob
  intrinsics: [2174.75669700,2173.42025700,960.91814700,599.51184600]
  resolution: [1900,1200]
