cam0:
  T_cam_body:
  - [ -0.25415291, -0.96581280,  0.05110700,  2.18781736]
  - [  0.12212675, -0.08446697, -0.98891374,  0.35386468]
  - [  0.95942241, -0.24509378,  0.13941911,  0.14950307]
  - [  0.00000000,  0.00000000,  0.00000000,  1.00000000]
  camera_model: pinhole
  distortion_coeffs: [ -0.20016700,  0.16097300,  0.00039200, -0.00092100,  0.00000000]
  distortion_model: plumb_bob
  intrinsics: [2174.55148200,2172.55663800,959.19672800,613.07115500]
  resolution: [1920,1200]
cam1:
  T_cam_body:
  - [  0.22302153, -0.97439888,  0.02842928,  0.10286940]
  - [  0.15992738,  0.00780457, -0.98709793,  0.17353679]
  - [  0.96160524,  0.22469071,  0.15757365, -0.43432462]
  - [  0.00000000,  0.00000000,  0.00000000,  1.00000000]
  camera_model: pinhole
  distortion_coeffs: [ -0.20596600,  0.18770000, -0.00040500, -0.00052700,  0.00000000]
  distortion_model: plumb_bob
  intrinsics: [2175.13780800,2172.98911900,952.79468600,602.94764200]
  resolution: [1900,1200]
cam2:
  T_cam_body:
  - [  0.15795508, -0.98738303, -0.01117769,  0.16866461]
  - [ -0.17845439, -0.01741090, -0.98379413,  2.33130866]
  - [  0.97118702,  0.15738998, -0.17895298,  0.03787881]
  - [  0.00000000,  0.00000000,  0.00000000,  1.00000000]
  camera_model: pinhole
  distortion_coeffs: [ -0.18906700,  0.12491500,  0.00004300,  0.00029600,  0.00000000]
  distortion_model: plumb_bob
  intrinsics: [2168.75828100,2166.97968700,990.68865100,583.91409000]
  resolution: [1900,1200]
cam3:
  T_cam_body:
  - [ -0.22489392, -0.97437890, -0.00291390,  2.20326674]
  - [ -0.17979552,  0.04443693, -0.98269982,  2.20944234]
  - [  0.95765145, -0.22047931, -0.18518255,  0.53871725]
  - [  0.00000000,  0.00000000,  0.00000000,  1.00000000]
  camera_model: pinhole
  distortion_coeffs: [ -0.20373500,  0.17155500,  0.00030800,  0.00170700,  0.00000000]
  distortion_model: plumb_bob
  intrinsics: [2173.86677800,2171.87626100,976.88097600,604.27685400]
  resolution: [1900,1200]
cam4:
  T_cam_body:
  - [  0.22259081,  0.97417676, -0.03785454, -1.36167266]
  - [ -0.13359313, -0.00798357, -0.99100411,  1.00280483]
  - [ -0.96571539,  0.22564551,  0.12836625,  5.39225606]
  - [  0.00000000,  0.00000000,  0.00000000,  1.00000000]
  camera_model: pinhole
  distortion_coeffs: [ -0.19907400,  0.17018000,  0.00010400, -0.00099100,  0.00000000]
  distortion_model: plumb_bob
  intrinsics: [2167.49490200,2165.56980200,940.89474900,612.57647900]
  resolution: [1900,1200]
cam5:
  T_cam_body:
  - [ -0.29509120,  0.95546904,  0.00029794, -0.34992359]
  - [ -0.16793883, -0.05155998, -0.98444813,  1.28664112]
  - [ -0.94059435, -0.29055202,  0.17567525,  5.88181764]
  - [  0.00000000,  0.00000000,  0.00000000,  1.00000000]
  camera_model: pinhole
  distortion_coeffs: [ -0.20440700,  0.17692000, -0.00025400, -0.00018900,  0.00000000]
  distortion_model: plumb_bob
  intrinsics: [2169.53280200,2167.61894400,958.79047800,602.89947900]
  resolution: [1900,1200]
cam6:
  T_cam_body:
  - [ -0.17003491,  0.98508547, -0.02635820, -1.00437070]
  - [  0.18615965,  0.00584380, -0.98250213,  1.16414051]
  - [ -0.96769454, -0.17196650, -0.18437682,  6.26430289]
  - [  0.00000000,  0.00000000,  0.00000000,  1.00000000]
  camera_model: pinhole
  distortion_coeffs: [ -0.19957400,  0.16977500, -0.00008300, -0.00020300,  0.00000000]
  distortion_model: plumb_bob
  intrinsics: [2174.42781900,2172.57924300,956.85045600,596.94859000]
  resolution: [1900,1200]
cam7:
  T_cam_body:
  - [  0.30375124,  0.95266245, -0.01301689, -1.85530154]
  - [  0.15387705, -0.06253676, -0.98610902,  1.43386630]
  - [ -0.94024307,  0.29752884, -0.16558850,  5.63092446]
  - [  0.00000000,  0.00000000,  0.00000000,  1.00000000]
  camera_model: pinhole
  distortion_coeffs: [ -0.19961400,  0.16420700, -0.00003500,  0.00040600,  0.00000000]
  distortion_model: plumb_bob
  intrinsics: [2174.75669700,2173.42025700,960.91814700,599.51184600]
  resolution: [1900,1200]
