cam0:
  T_cam_body:
  - [ -0.25578285, -0.96540587,  0.05066193,  2.18854923]
  - [  0.12190988, -0.08419801, -0.98896343,  0.35328689]
  - [  0.95901674, -0.24678370,  0.13922892,  0.15027777]
  - [  0.00000000,  0.00000000,  0.00000000,  1.00000000]
  camera_model: pinhole
  distortion_coeffs: [ -0.20016700,  0.16097300,  0.00039200, -0.00092100,  0.00000000]
  distortion_model: plumb_bob
  intrinsics: [2174.55148200,2172.55663800,959.19672800,613.07115500]
  resolution: [1920,1200]
cam1:
  T_cam_body:
  - [  0.22409662, -0.97417500,  0.02763645,  0.10159021]
  - [  0.15996981,  0.00879640, -0.98708271,  0.17310572]
  - [  0.96134820,  0.22562289,  0.15780983, -0.43574966]
  - [  0.00000000,  0.00000000,  0.00000000,  1.00000000]
  camera_model: pinhole
  distortion_coeffs: [ -0.20596600,  0.18770000, -0.00040500, -0.00052700,  0.00000000]
  distortion_model: plumb_bob
  intrinsics: [2175.13780800,2172.98911900,952.79468600,602.94764200]
  resolution: [1900,1200]
cam2:
  T_cam_body:
  - [  0.15782758, -0.98739688, -0.01174109,  0.17228886]
  - [ -0.17764593, -0.01669516, -0.98395284,  2.32259210]
  - [  0.97135595,  0.15738065, -0.17804200,  0.03207134]
  - [  0.00000000,  0.00000000,  0.00000000,  1.00000000]
  camera_model: pinhole
  distortion_coeffs: [ -0.18906700,  0.12491500,  0.00004300,  0.00029600,  0.00000000]
  distortion_model: plumb_bob
  intrinsics: [2168.75828100,2166.97968700,990.68865100,583.91409000]
  resolution: [1900,1200]
cam3:
  T_cam_body:
  - [ -0.22612548, -0.97409166, -0.00356479,  2.21070818]
  - [ -0.18021646,  0.04543127, -0.98257724,  2.20995426]
  - [  0.95728224, -0.22154332, -0.18582052,  0.54441533]
  - [  0.00000000,  0.00000000,  0.00000000,  1.00000000]
  camera_model: pinhole
  distortion_coeffs: [ -0.20373500,  0.17155500,  0.00030800,  0.00170700,  0.00000000]
  distortion_model: plumb_bob
  intrinsics: [2173.86677800,2171.87626100,976.88097600,604.27685400]
  resolution: [1900,1200]
cam4:
  T_cam_body:
  - [  0.22405332,  0.97384102, -0.03786514, -1.36997134]
  - [ -0.13342876, -0.00783520, -0.99102743,  1.00203304]
  - [ -0.96539985,  0.22709529,  0.12818290,  5.39185693]
  - [  0.00000000,  0.00000000,  0.00000000,  1.00000000]
  camera_model: pinhole
  distortion_coeffs: [ -0.19907400,  0.17018000,  0.00010400, -0.00099100,  0.00000000]
  distortion_model: plumb_bob
  intrinsics: [2167.49490200,2165.56980200,940.89474900,612.57647900]
  resolution: [1900,1200]
cam5:
  T_cam_body:
  - [ -0.29587872,  0.95522544,  0.00037536, -0.34274516]
  - [ -0.16795812, -0.05163777, -0.98444076,  1.28624031]
  - [ -0.94034348, -0.29133812,  0.17571638,  5.88298600]
  - [  0.00000000,  0.00000000,  0.00000000,  1.00000000]
  camera_model: pinhole
  distortion_coeffs: [ -0.20440700,  0.17692000, -0.00025400, -0.00018900,  0.00000000]
  distortion_model: plumb_bob
  intrinsics: [2169.53280200,2167.61894400,958.79047800,602.89947900]
  resolution: [1900,1200]
cam6:
  T_cam_body:
  - [ -0.16972644,  0.98513654, -0.02643743, -1.00473051]
  - [  0.18632420,  0.00573537, -0.98247158,  1.16159520]
  - [ -0.96771702, -0.17167734, -0.18452822,  6.26518720]
  - [  0.00000000,  0.00000000,  0.00000000,  1.00000000]
  camera_model: pinhole
  distortion_coeffs: [ -0.19957400,  0.16977500, -0.00008300, -0.00020300,  0.00000000]
  distortion_model: plumb_bob
  intrinsics: [2174.42781900,2172.57924300,956.85045600,596.94859000]
  resolution: [1900,1200]
cam7:
  T_cam_body:
  - [  0.30389386,  0.95261709, -0.01300760, -1.85574634]
  - [  0.15431577, -0.06269204, -0.98603060,  1.43271528]
  - [ -0.94012508,  0.29764137, -0.16605557,  5.63236281]
  - [  0.00000000,  0.00000000,  0.00000000,  1.00000000]
  camera_model: pinhole
  distortion_coeffs: [ -0.19961400,  0.16420700, -0.00003500,  0.00040600,  0.00000000]
  distortion_model: plumb_bob
  intrinsics: [2174.75669700,2173.42025700,960.91814700,599.51184600]
  resolution: [1900,1200]
