cam0:
  T_cam_body:
  - [ -0.25553410, -0.96545078,  0.05105990,  2.18852128]
  - [  0.12168359, -0.08451052, -0.98896465,  0.35479953]
  - [  0.95911179, -0.24650104,  0.13907483,  0.15102425]
  - [  0.00000000,  0.00000000,  0.00000000,  1.00000000]
  camera_model: pinhole
  distortion_coeffs: [ -0.20016700,  0.16097300,  0.00039200, -0.00092100,  0.00000000]
  distortion_model: plumb_bob
  intrinsics: [2174.55148200,2172.55663800,959.19672800,613.07115500]
  resolution: [1920,1200]
cam1:
  T_cam_body:
  - [  0.22389196, -0.97421140,  0.02800977,  0.10185361]
  - [  0.15987839,  0.00836267, -0.98710129,  0.17328702]
  - [  0.96141109,  0.22548220,  0.15762769, -0.43531337]
  - [  0.00000000,  0.00000000,  0.00000000,  1.00000000]
  camera_model: pinhole
  distortion_coeffs: [ -0.20596600,  0.18770000, -0.00040500, -0.00052700,  0.00000000]
  distortion_model: plumb_bob
  intrinsics: [2175.13780800,2172.98911900,952.79468600,602.94764200]
  resolution: [1900,1200]
cam2:
  T_cam_body:
  - [  0.15816156, -0.98735056, -0.01112589,  0.16817656]
  - [ -0.17867735, -0.01753661, -0.98375143,  2.33062723]
  - [  0.97111242,  0.15757960, -0.17919080,  0.03758807]
  - [  0.00000000,  0.00000000,  0.00000000,  1.00000000]
  camera_model: pinhole
  distortion_coeffs: [ -0.18906700,  0.12491500,  0.00004300,  0.00029600,  0.00000000]
  distortion_model: plumb_bob
  intrinsics: [2168.75828100,2166.97968700,990.68865100,583.91409000]
  resolution: [1900,1200]
cam3:
  T_cam_body:
  - [ -0.22606174, -0.97410840, -0.00298716,  2.21001053]
  - [ -0.18037600,  0.04487306, -0.98257361,  2.21137395]
  - [  0.95726725, -0.22158349, -0.18584986,  0.54352982]
  - [  0.00000000,  0.00000000,  0.00000000,  1.00000000]
  camera_model: pinhole
  distortion_coeffs: [ -0.20373500,  0.17155500,  0.00030800,  0.00170700,  0.00000000]
  distortion_model: plumb_bob
  intrinsics: [2173.86677800,2171.87626100,976.88097600,604.27685400]
  resolution: [1900,1200]
cam4:
  T_cam_body:
  - [  0.22353633,  0.97396134, -0.03782615, -1.36802468]
  - [ -0.13356909, -0.00783244, -0.99100855,  1.00232979]
  - [ -0.96550029,  0.22657882,  0.12834029,  5.39182503]
  - [  0.00000000,  0.00000000,  0.00000000,  1.00000000]
  camera_model: pinhole
  distortion_coeffs: [ -0.19907400,  0.17018000,  0.00010400, -0.00099100,  0.00000000]
  distortion_model: plumb_bob
  intrinsics: [2167.49490200,2165.56980200,940.89474900,612.57647900]
  resolution: [1900,1200]
cam5:
  T_cam_body:
  - [ -0.29571290,  0.95527678,  0.00040081, -0.34455968]
  - [ -0.16791823, -0.05156726, -0.98445126,  1.28635848]
  - [ -0.94040276, -0.29118224,  0.17565749,  5.88238044]
  - [  0.00000000,  0.00000000,  0.00000000,  1.00000000]
  camera_model: pinhole
  distortion_coeffs: [ -0.20440700,  0.17692000, -0.00025400, -0.00018900,  0.00000000]
  distortion_model: plumb_bob
  intrinsics: [2169.53280200,2167.61894400,958.79047800,602.89947900]
  resolution: [1900,1200]
cam6:
  T_cam_body:
  - [ -0.16988131,  0.98511152, -0.02637480, -1.00458620]
  - [  0.18646976,  0.00585312, -0.98244327,  1.16202009]
  - [ -0.96766181, -0.17181685, -0.18468784,  6.26513728]
  - [  0.00000000,  0.00000000,  0.00000000,  1.00000000]
  camera_model: pinhole
  distortion_coeffs: [ -0.19957400,  0.16977500, -0.00008300, -0.00020300,  0.00000000]
  distortion_model: plumb_bob
  intrinsics: [2174.42781900,2172.57924300,956.85045600,596.94859000]
  resolution: [1900,1200]
cam7:
  T_cam_body:
  - [  0.30369168,  0.95268188, -0.01298474, -1.85567469]
  - [  0.15408625, -0.06255880, -0.98607496,  1.43288286]
  - [ -0.94022805,  0.29746199, -0.16579377,  5.63185821]
  - [  0.00000000,  0.00000000,  0.00000000,  1.00000000]
  camera_model: pinhole
  distortion_coeffs: [ -0.19961400,  0.16420700, -0.00003500,  0.00040600,  0.00000000]
  distortion_model: plumb_bob
  intrinsics: [2174.75669700,2173.42025700,960.91814700,599.51184600]
  resolution: [1900,1200]
