cam0:
  T_cam_body:
  - [ -0.25525717, -0.96554182,  0.05072256,  2.19038504]
  - [  0.12287943, -0.08443086, -0.98882358,  0.35276123]
  - [  0.95903307, -0.24617155,  0.14019681,  0.14721093]
  - [  0.00000000,  0.00000000,  0.00000000,  1.00000000]
  camera_model: pinhole
  distortion_coeffs: [ -0.20016700,  0.16097300,  0.00039200, -0.00092100,  0.00000000]
  distortion_model: plumb_bob
  intrinsics: [2174.55148200,2172.55663800,959.19672800,613.07115500]
  resolution: [1920,1200]
cam1:
  T_cam_body:
  - [  0.22347917, -0.97429620,  0.02835460,  0.10177272]
  - [  0.16040919,  0.00806902, -0.98701762,  0.17221168]
  - [  0.96141872,  0.22512622,  0.15808932, -0.43686832]
  - [  0.00000000,  0.00000000,  0.00000000,  1.00000000]
  camera_model: pinhole
  distortion_coeffs: [ -0.20596600,  0.18770000, -0.00040500, -0.00052700,  0.00000000]
  distortion_model: plumb_bob
  intrinsics: [2175.13780800,2172.98911900,952.79468600,602.94764200]
  resolution: [1900,1200]
cam2:
  T_cam_body:
  - [  0.15713327, -0.98751316, -0.01126449,  0.17277074]
  - [ -0.17635931, -0.01683583, -0.98418187,  2.32100090]
  - [  0.97170290,  0.15663431, -0.17680260,  0.02966595]
  - [  0.00000000,  0.00000000,  0.00000000,  1.00000000]
  camera_model: pinhole
  distortion_coeffs: [ -0.18906700,  0.12491500,  0.00004300,  0.00029600,  0.00000000]
  distortion_model: plumb_bob
  intrinsics: [2168.75828100,2166.97968700,990.68865100,583.91409000]
  resolution: [1900,1200]
cam3:
  T_cam_body:
  - [ -0.22618917, -0.97407842, -0.00311397,  2.21064126]
  - [ -0.17965089,  0.04485800, -0.98270714,  2.21033049]
  - [  0.95737350, -0.22171828, -0.18514045,  0.54093600]
  - [  0.00000000,  0.00000000,  0.00000000,  1.00000000]
  camera_model: pinhole
  distortion_coeffs: [ -0.20373500,  0.17155500,  0.00030800,  0.00170700,  0.00000000]
  distortion_model: plumb_bob
  intrinsics: [2173.86677800,2171.87626100,976.88097600,604.27685400]
  resolution: [1900,1200]
cam4:
  T_cam_body:
  - [  0.22134124,  0.97446098, -0.03786636, -1.36151752]
  - [ -0.13478296, -0.00788807, -0.99084375,  1.00434981]
  - [ -0.96583726,  0.22441832,  0.12959478,  5.39066759]
  - [  0.00000000,  0.00000000,  0.00000000,  1.00000000]
  camera_model: pinhole
  distortion_coeffs: [ -0.19907400,  0.17018000,  0.00010400, -0.00099100,  0.00000000]
  distortion_model: plumb_bob
  intrinsics: [2167.49490200,2165.56980200,940.89474900,612.57647900]
  resolution: [1900,1200]
cam5:
  T_cam_body:
  - [ -0.29440781,  0.95567979,  0.00041518, -0.35343341]
  - [ -0.16825126, -0.05140402, -0.98440294,  1.28641802]
  - [ -0.94075265, -0.28988577,  0.17592808,  5.88055251]
  - [  0.00000000,  0.00000000,  0.00000000,  1.00000000]
  camera_model: pinhole
  distortion_coeffs: [ -0.20440700,  0.17692000, -0.00025400, -0.00018900,  0.00000000]
  distortion_model: plumb_bob
  intrinsics: [2169.53280200,2167.61894400,958.79047800,602.89947900]
  resolution: [1900,1200]
cam6:
  T_cam_body:
  - [ -0.17007729,  0.98507633, -0.02642593, -1.00390005]
  - [  0.18573072,  0.00570807, -0.98258410,  1.16490907]
  - [ -0.96776950, -0.17202335, -0.18392975,  6.26383847]
  - [  0.00000000,  0.00000000,  0.00000000,  1.00000000]
  camera_model: pinhole
  distortion_coeffs: [ -0.19957400,  0.16977500, -0.00008300, -0.00020300,  0.00000000]
  distortion_model: plumb_bob
  intrinsics: [2174.42781900,2172.57924300,956.85045600,596.94859000]
  resolution: [1900,1200]
cam7:
  T_cam_body:
  - [  0.30338028,  0.95277891, -0.01314367, -1.85440898]
  - [  0.15311555, -0.06235973, -0.98623876,  1.43428663]
  - [ -0.94048713,  0.29719289, -0.16480398,  5.63083619]
  - [  0.00000000,  0.00000000,  0.00000000,  1.00000000]
  camera_model: pinhole
  distortion_coeffs: [ -0.19961400,  0.16420700, -0.00003500,  0.00040600,  0.00000000]
  distortion_model: plumb_bob
  intrinsics: [2174.75669700,2173.42025700,960.91814700,599.51184600]
  resolution: [1900,1200]
