cam0:
  T_cam_body:
  - [ -0.25650803, -0.96520563,  0.05081063,  2.18913466]
  - [  0.12251878, -0.08461541, -0.98885256,  0.35336303]
  - [  0.95874542, -0.24742337,  0.13996035,  0.15108935]
  - [  0.00000000,  0.00000000,  0.00000000,  1.00000000]
  camera_model: pinhole
  distortion_coeffs: [ -0.20016700,  0.16097300,  0.00039200, -0.00092100,  0.00000000]
  distortion_model: plumb_bob
  intrinsics: [2174.55148200,2172.55663800,959.19672800,613.07115500]
  resolution: [1920,1200]
cam1:
  T_cam_body:
  - [  0.22419713, -0.97414342,  0.02793275,  0.10206562]
  - [  0.16008927,  0.00854094, -0.98706559,  0.17286082]
  - [  0.96130488,  0.22576901,  0.15786477, -0.43578902]
  - [  0.00000000,  0.00000000,  0.00000000,  1.00000000]
  camera_model: pinhole
  distortion_coeffs: [ -0.20596600,  0.18770000, -0.00040500, -0.00052700,  0.00000000]
  distortion_model: plumb_bob
  intrinsics: [2175.13780800,2172.98911900,952.79468600,602.94764200]
  resolution: [1900,1200]
cam2:
  T_cam_body:
  - [  0.15774116, -0.98741794, -0.01111493,  0.16956775]
  - [ -0.17810012, -0.01737683, -0.98385893,  2.32892661]
  - [  0.97128681,  0.15717462, -0.17860029,  0.03592592]
  - [  0.00000000,  0.00000000,  0.00000000,  1.00000000]
  camera_model: pinhole
  distortion_coeffs: [ -0.18906700,  0.12491500,  0.00004300,  0.00029600,  0.00000000]
  distortion_model: plumb_bob
  intrinsics: [2168.75828100,2166.97968700,990.68865100,583.91409000]
  resolution: [1900,1200]
cam3:
  T_cam_body:
  - [ -0.22618674, -0.97407957, -0.00292451,  2.21003338]
  - [ -0.18002987,  0.04475416, -0.98264251,  2.21086937]
  - [  0.95730288, -0.22173421, -0.18548622,  0.54199225]
  - [  0.00000000,  0.00000000,  0.00000000,  1.00000000]
  camera_model: pinhole
  distortion_coeffs: [ -0.20373500,  0.17155500,  0.00030800,  0.00170700,  0.00000000]
  distortion_model: plumb_bob
  intrinsics: [2173.86677800,2171.87626100,976.88097600,604.27685400]
  resolution: [1900,1200]
cam4:
  T_cam_body:
  - [  0.22227185,  0.97424899, -0.03787002, -1.36644142]
  - [ -0.13479449, -0.00776211, -0.99084317,  1.00427354]
  - [ -0.96562191,  0.22534121,  0.12959809,  5.39031462]
  - [  0.00000000,  0.00000000,  0.00000000,  1.00000000]
  camera_model: pinhole
  distortion_coeffs: [ -0.19907400,  0.17018000,  0.00010400, -0.00099100,  0.00000000]
  distortion_model: plumb_bob
  intrinsics: [2167.49490200,2165.56980200,940.89474900,612.57647900]
  resolution: [1900,1200]
cam5:
  T_cam_body:
  - [ -0.29528510,  0.95540909,  0.00042467, -0.34807966]
  - [ -0.16801712, -0.05149091, -0.98443838,  1.28642682]
  - [ -0.94051952, -0.29076134,  0.17572958,  5.88180090]
  - [  0.00000000,  0.00000000,  0.00000000,  1.00000000]
  camera_model: pinhole
  distortion_coeffs: [ -0.20440700,  0.17692000, -0.00025400, -0.00018900,  0.00000000]
  distortion_model: plumb_bob
  intrinsics: [2169.53280200,2167.61894400,958.79047800,602.89947900]
  resolution: [1900,1200]
cam6:
  T_cam_body:
  - [ -0.17000486,  0.98509272, -0.02628092, -1.00443955]
  - [  0.18634524,  0.00594815, -0.98246632,  1.16238681]
  - [ -0.96766409, -0.17192137, -0.18457855,  6.26466748]
  - [  0.00000000,  0.00000000,  0.00000000,  1.00000000]
  camera_model: pinhole
  distortion_coeffs: [ -0.19957400,  0.16977500, -0.00008300, -0.00020300,  0.00000000]
  distortion_model: plumb_bob
  intrinsics: [2174.42781900,2172.57924300,956.85045600,596.94859000]
  resolution: [1900,1200]
cam7:
  T_cam_body:
  - [  0.30365641,  0.95269132, -0.01311596, -1.85561253]
  - [  0.15349706, -0.06250182, -0.98617046,  1.43294570]
  - [ -0.94033581,  0.29744372, -0.16521439,  5.63156738]
  - [  0.00000000,  0.00000000,  0.00000000,  1.00000000]
  camera_model: pinhole
  distortion_coeffs: [ -0.19961400,  0.16420700, -0.00003500,  0.00040600,  0.00000000]
  distortion_model: plumb_bob
  intrinsics: [2174.75669700,2173.42025700,960.91814700,599.51184600]
  resolution: [1900,1200]
