cam0:
  T_cam_body:
  - [ -0.25613723, -0.96532843,  0.05034621,  2.18986494]
  - [  0.12305116, -0.08422141, -0.98882009,  0.35202616]
  - [  0.95877637, -0.24707848,  0.14035702,  0.14903800]
  - [  0.00000000,  0.00000000,  0.00000000,  1.00000000]
  camera_model: pinhole
  distortion_coeffs: [ -0.20016700,  0.16097300,  0.00039200, -0.00092100,  0.00000000]
  distortion_model: plumb_bob
  intrinsics: [2174.55148200,2172.55663800,959.19672800,613.07115500]
  resolution: [1920,1200]
cam1:
  T_cam_body:
  - [  0.22398732, -0.97419200,  0.02792168,  0.10173953]
  - [  0.16014767,  0.00853095, -0.98705620,  0.17267840]
  - [  0.96134406,  0.22555967,  0.15792541, -0.43733380]
  - [  0.00000000,  0.00000000,  0.00000000,  1.00000000]
  camera_model: pinhole
  distortion_coeffs: [ -0.20596600,  0.18770000, -0.00040500, -0.00052700,  0.00000000]
  distortion_model: plumb_bob
  intrinsics: [2175.13780800,2172.98911900,952.79468600,602.94764200]
  resolution: [1900,1200]
cam2:
  T_cam_body:
  - [  0.15720912, -0.98749774, -0.01155439,  0.17249769]
  - [ -0.17666026, -0.01660921, -0.98413174,  2.32173036]
  - [  0.97163596,  0.15675569, -0.17706273,  0.02980192]
  - [  0.00000000,  0.00000000,  0.00000000,  1.00000000]
  camera_model: pinhole
  distortion_coeffs: [ -0.18906700,  0.12491500,  0.00004300,  0.00029600,  0.00000000]
  distortion_model: plumb_bob
  intrinsics: [2168.75828100,2166.97968700,990.68865100,583.91409000]
  resolution: [1900,1200]
cam3:
  T_cam_body:
  - [ -0.22625123, -0.97406343, -0.00328952,  2.21124436]
  - [ -0.17970349,  0.04505939, -0.98268831,  2.20988055]
  - [  0.95734896, -0.22174330, -0.18523734,  0.54042494]
  - [  0.00000000,  0.00000000,  0.00000000,  1.00000000]
  camera_model: pinhole
  distortion_coeffs: [ -0.20373500,  0.17155500,  0.00030800,  0.00170700,  0.00000000]
  distortion_model: plumb_bob
  intrinsics: [2173.86677800,2171.87626100,976.88097600,604.27685400]
  resolution: [1900,1200]
cam4:
  T_cam_body:
  - [  0.22152803,  0.97441432, -0.03797454, -1.36256566]
  - [ -0.13505994, -0.00790817, -0.99080587,  1.00565422]
  - [ -0.96575574,  0.22462011,  0.12985246,  5.39037602]
  - [  0.00000000,  0.00000000,  0.00000000,  1.00000000]
  camera_model: pinhole
  distortion_coeffs: [ -0.19907400,  0.17018000,  0.00010400, -0.00099100,  0.00000000]
  distortion_model: plumb_bob
  intrinsics: [2167.49490200,2165.56980200,940.89474900,612.57647900]
  resolution: [1900,1200]
cam5:
  T_cam_body:
  - [ -0.29474802,  0.95557495,  0.00035370, -0.35275243]
  - [ -0.16814825, -0.05150112, -0.98441546,  1.28702982]
  - [ -0.94066454, -0.29021398,  0.17585811,  5.88110047]
  - [  0.00000000,  0.00000000,  0.00000000,  1.00000000]
  camera_model: pinhole
  distortion_coeffs: [ -0.20440700,  0.17692000, -0.00025400, -0.00018900,  0.00000000]
  distortion_model: plumb_bob
  intrinsics: [2169.53280200,2167.61894400,958.79047800,602.89947900]
  resolution: [1900,1200]
cam6:
  T_cam_body:
  - [ -0.17000037,  0.98509216, -0.02633094, -1.00417862]
  - [  0.18593731,  0.00582493, -0.98254434,  1.16383055]
  - [ -0.96774335, -0.17192880, -0.18415563,  6.26363449]
  - [  0.00000000,  0.00000000,  0.00000000,  1.00000000]
  camera_model: pinhole
  distortion_coeffs: [ -0.19957400,  0.16977500, -0.00008300, -0.00020300,  0.00000000]
  distortion_model: plumb_bob
  intrinsics: [2174.42781900,2172.57924300,956.85045600,596.94859000]
  resolution: [1900,1200]
cam7:
  T_cam_body:
  - [  0.30351388,  0.95273619, -0.01315593, -1.85511822]
  - [  0.15319040, -0.06242031, -0.98622330,  1.43368477]
  - [ -0.94043183,  0.29731710, -0.16489547,  5.63078051]
  - [  0.00000000,  0.00000000,  0.00000000,  1.00000000]
  camera_model: pinhole
  distortion_coeffs: [ -0.19961400,  0.16420700, -0.00003500,  0.00040600,  0.00000000]
  distortion_model: plumb_bob
  intrinsics: [2174.75669700,2173.42025700,960.91814700,599.51184600]
  resolution: [1900,1200]
