cam0:
  T_cam_body:
  - [ -0.25552541, -0.96547351,  0.05067208,  2.18927478]
  - [  0.12201995, -0.08419841, -0.98894983,  0.35334586]
  - [  0.95907137, -0.24651881,  0.13932186,  0.14949423]
  - [  0.00000000,  0.00000000,  0.00000000,  1.00000000]
  camera_model: pinhole
  distortion_coeffs: [ -0.20016700,  0.16097300,  0.00039200, -0.00092100,  0.00000000]
  distortion_model: plumb_bob
  intrinsics: [2174.55148200,2172.55663800,959.19672800,613.07115500]
  resolution: [1920,1200]
cam1:
  T_cam_body:
  - [  0.22382805, -0.97422907,  0.02790568,  0.10181852]
  - [  0.16002214,  0.00849122, -0.98707690,  0.17286246]
  - [  0.96140206,  0.22540102,  0.15779879, -0.43570883]
  - [  0.00000000,  0.00000000,  0.00000000,  1.00000000]
  camera_model: pinhole
  distortion_coeffs: [ -0.20596600,  0.18770000, -0.00040500, -0.00052700,  0.00000000]
  distortion_model: plumb_bob
  intrinsics: [2175.13780800,2172.98911900,952.79468600,602.94764200]
  resolution: [1900,1200]
cam2:
  T_cam_body:
  - [  0.15742634, -0.98746388, -0.01149044,  0.17310603]
  - [ -0.17733490, -0.01682139, -0.98400680,  2.32249280]
  - [  0.97147788,  0.15694624, -0.17775994,  0.03257840]
  - [  0.00000000,  0.00000000,  0.00000000,  1.00000000]
  camera_model: pinhole
  distortion_coeffs: [ -0.18906700,  0.12491500,  0.00004300,  0.00029600,  0.00000000]
  distortion_model: plumb_bob
  intrinsics: [2168.75828100,2166.97968700,990.68865100,583.91409000]
  resolution: [1900,1200]
cam3:
  T_cam_body:
  - [ -0.22622466, -0.97406947, -0.00332775,  2.21109936]
  - [ -0.18013877,  0.04519359, -0.98260244,  2.21038386]
  - [  0.95727343, -0.22168945, -0.18569158,  0.54253464]
  - [  0.00000000,  0.00000000,  0.00000000,  1.00000000]
  camera_model: pinhole
  distortion_coeffs: [ -0.20373500,  0.17155500,  0.00030800,  0.00170700,  0.00000000]
  distortion_model: plumb_bob
  intrinsics: [2173.86677800,2171.87626100,976.88097600,604.27685400]
  resolution: [1900,1200]
cam4:
  T_cam_body:
  - [  0.22355690,  0.97395517, -0.03786357, -1.36759127]
  - [ -0.13368315, -0.00784096, -0.99099311,  1.00234063]
  - [ -0.96547974,  0.22660506,  0.12844849,  5.39184816]
  - [  0.00000000,  0.00000000,  0.00000000,  1.00000000]
  camera_model: pinhole
  distortion_coeffs: [ -0.19907400,  0.17018000,  0.00010400, -0.00099100,  0.00000000]
  distortion_model: plumb_bob
  intrinsics: [2167.49490200,2165.56980200,940.89474900,612.57647900]
  resolution: [1900,1200]
cam5:
  T_cam_body:
  - [ -0.29567466,  0.95528861,  0.00041273, -0.34488817]
  - [ -0.16800302, -0.05157387, -0.98443645,  1.28637838]
  - [ -0.94039964, -0.29114225,  0.17574046,  5.88247773]
  - [  0.00000000,  0.00000000,  0.00000000,  1.00000000]
  camera_model: pinhole
  distortion_coeffs: [ -0.20440700,  0.17692000, -0.00025400, -0.00018900,  0.00000000]
  distortion_model: plumb_bob
  intrinsics: [2169.53280200,2167.61894400,958.79047800,602.89947900]
  resolution: [1900,1200]
cam6:
  T_cam_body:
  - [ -0.16994317,  0.98509749, -0.02650002, -1.00448186]
  - [  0.18632530,  0.00571435, -0.98247149,  1.16213599]
  - [ -0.96767877, -0.17190195, -0.18451970,  6.26547427]
  - [  0.00000000,  0.00000000,  0.00000000,  1.00000000]
  camera_model: pinhole
  distortion_coeffs: [ -0.19957400,  0.16977500, -0.00008300, -0.00020300,  0.00000000]
  distortion_model: plumb_bob
  intrinsics: [2174.42781900,2172.57924300,956.85045600,596.94859000]
  resolution: [1900,1200]
cam7:
  T_cam_body:
  - [  0.30385736,  0.95262862, -0.01301588, -1.85569385]
  - [  0.15409764, -0.06262489, -0.98606898,  1.43285114]
  - [ -0.94017265,  0.29761860, -0.16582685,  5.63182548]
  - [  0.00000000,  0.00000000,  0.00000000,  1.00000000]
  camera_model: pinhole
  distortion_coeffs: [ -0.19961400,  0.16420700, -0.00003500,  0.00040600,  0.00000000]
  distortion_model: plumb_bob
  intrinsics: [2174.75669700,2173.42025700,960.91814700,599.51184600]
  resolution: [1900,1200]
