cam0:
  T_cam_body:
  - [ -0.25607200, -0.96534560,  0.05034883,  2.19057309]
  - [  0.12302615, -0.08420788, -0.98882435,  0.35212182]
  - [  0.95879700, -0.24701601,  0.14032604,  0.14777050]
  - [  0.00000000,  0.00000000,  0.00000000,  1.00000000]
  camera_model: pinhole
  distortion_coeffs: [ -0.20016700,  0.16097300,  0.00039200, -0.00092100,  0.00000000]
  distortion_model: plumb_bob
  intrinsics: [2174.55148200,2172.55663800,959.19672800,613.07115500]
  resolution: [1920,1200]
cam1:
  T_cam_body:
  - [  0.22379400, -0.97423553,  0.02795307,  0.10201727]
  - [  0.16011279,  0.00845879, -0.98706248,  0.17274494]
  - [  0.96139489,  0.22537431,  0.15788059, -0.43758699]
  - [  0.00000000,  0.00000000,  0.00000000,  1.00000000]
  camera_model: pinhole
  distortion_coeffs: [ -0.20596600,  0.18770000, -0.00040500, -0.00052700,  0.00000000]
  distortion_model: plumb_bob
  intrinsics: [2175.13780800,2172.98911900,952.79468600,602.94764200]
  resolution: [1900,1200]
cam2:
  T_cam_body:
  - [  0.15698096, -0.98753471, -0.01149702,  0.17326880]
  - [ -0.17653784, -0.01660523, -0.98415378,  2.32122046]
  - [  0.97169510,  0.15652306, -0.17694395,  0.02944137]
  - [  0.00000000,  0.00000000,  0.00000000,  1.00000000]
  camera_model: pinhole
  distortion_coeffs: [ -0.18906700,  0.12491500,  0.00004300,  0.00029600,  0.00000000]
  distortion_model: plumb_bob
  intrinsics: [2168.75828100,2166.97968700,990.68865100,583.91409000]
  resolution: [1900,1200]
cam3:
  T_cam_body:
  - [ -0.22626897, -0.97405917, -0.00333081,  2.21121385]
  - [ -0.17966809,  0.04509631, -0.98269308,  2.20992309]
  - [  0.95735141, -0.22175451, -0.18521125,  0.53975368]
  - [  0.00000000,  0.00000000,  0.00000000,  1.00000000]
  camera_model: pinhole
  distortion_coeffs: [ -0.20373500,  0.17155500,  0.00030800,  0.00170700,  0.00000000]
  distortion_model: plumb_bob
  intrinsics: [2173.86677800,2171.87626100,976.88097600,604.27685400]
  resolution: [1900,1200]
cam4:
  T_cam_body:
  - [  0.22151736,  0.97441613, -0.03799040, -1.36219716]
  - [ -0.13505057, -0.00792793, -0.99080699,  1.00537029]
  - [ -0.96575950,  0.22461157,  0.12983928,  5.38956891]
  - [  0.00000000,  0.00000000,  0.00000000,  1.00000000]
  camera_model: pinhole
  distortion_coeffs: [ -0.19907400,  0.17018000,  0.00010400, -0.00099100,  0.00000000]
  distortion_model: plumb_bob
  intrinsics: [2167.49490200,2165.56980200,940.89474900,612.57647900]
  resolution: [1900,1200]
cam5:
  T_cam_body:
  - [ -0.29454340,  0.95563806,  0.00029115, -0.35404997]
  - [ -0.16825828, -0.05156007, -0.98439357,  1.28724473]
  - [ -0.94070895, -0.28999562,  0.17598070,  5.88069910]
  - [  0.00000000,  0.00000000,  0.00000000,  1.00000000]
  camera_model: pinhole
  distortion_coeffs: [ -0.20440700,  0.17692000, -0.00025400, -0.00018900,  0.00000000]
  distortion_model: plumb_bob
  intrinsics: [2169.53280200,2167.61894400,958.79047800,602.89947900]
  resolution: [1900,1200]
cam6:
  T_cam_body:
  - [ -0.17022814,  0.98505294, -0.02632664, -1.00432737]
  - [  0.18606409,  0.00589501, -0.98251993,  1.16410429]
  - [ -0.96767894, -0.17215098, -0.18428647,  6.26433651]
  - [  0.00000000,  0.00000000,  0.00000000,  1.00000000]
  camera_model: pinhole
  distortion_coeffs: [ -0.19957400,  0.16977500, -0.00008300, -0.00020300,  0.00000000]
  distortion_model: plumb_bob
  intrinsics: [2174.42781900,2172.57924300,956.85045600,596.94859000]
  resolution: [1900,1200]
cam7:
  T_cam_body:
  - [  0.30345688,  0.95275523, -0.01309212, -1.85496832]
  - [  0.15315475, -0.06233266, -0.98623439,  1.43369037]
  - [ -0.94045603,  0.29727448, -0.16483426,  5.63014967]
  - [  0.00000000,  0.00000000,  0.00000000,  1.00000000]
  camera_model: pinhole
  distortion_coeffs: [ -0.19961400,  0.16420700, -0.00003500,  0.00040600,  0.00000000]
  distortion_model: plumb_bob
  intrinsics: [2174.75669700,2173.42025700,960.91814700,599.51184600]
  resolution: [1900,1200]
