cam0:
  T_cam_body:
  - [ -0.25665800, -0.96515958,  0.05092797,  2.18833675]
  - [  0.12173044, -0.08455448, -0.98895512,  0.35447604]
  - [  0.95880570, -0.24762376,  0.13919089,  0.15147785]
  - [  0.00000000,  0.00000000,  0.00000000,  1.00000000]
  camera_model: pinhole
  distortion_coeffs: [ -0.20016700,  0.16097300,  0.00039200, -0.00092100,  0.00000000]
  distortion_model: plumb_bob
  intrinsics: [2174.55148200,2172.55663800,959.19672800,613.07115500]
  resolution: [1920,1200]
cam1:
  T_cam_body:
  - [  0.22457112, -0.97406301,  0.02773198,  0.10122829]
  - [  0.15986134,  0.00875301, -0.98710067,  0.17328239]
  - [  0.96125551,  0.22610757,  0.15768069, -0.43654547]
  - [  0.00000000,  0.00000000,  0.00000000,  1.00000000]
  camera_model: pinhole
  distortion_coeffs: [ -0.20596600,  0.18770000, -0.00040500, -0.00052700,  0.00000000]
  distortion_model: plumb_bob
  intrinsics: [2175.13780800,2172.98911900,952.79468600,602.94764200]
  resolution: [1900,1200]
cam2:
  T_cam_body:
  - [  0.15777079, -0.98740999, -0.01139648,  0.17176682]
  - [ -0.17748533, -0.01700219, -0.98397657,  2.32191608]
  - [  0.97139453,  0.15726547, -0.17793323,  0.03194015]
  - [  0.00000000,  0.00000000,  0.00000000,  1.00000000]
  camera_model: pinhole
  distortion_coeffs: [ -0.18906700,  0.12491500,  0.00004300,  0.00029600,  0.00000000]
  distortion_model: plumb_bob
  intrinsics: [2168.75828100,2166.97968700,990.68865100,583.91409000]
  resolution: [1900,1200]
cam3:
  T_cam_body:
  - [ -0.22624474, -0.97406506, -0.00325178,  2.21110484]
  - [ -0.18034095,  0.04516770, -0.98256655,  2.21063967]
  - [  0.95723062, -0.22171409, -0.18588278,  0.54249595]
  - [  0.00000000,  0.00000000,  0.00000000,  1.00000000]
  camera_model: pinhole
  distortion_coeffs: [ -0.20373500,  0.17155500,  0.00030800,  0.00170700,  0.00000000]
  distortion_model: plumb_bob
  intrinsics: [2173.86677800,2171.87626100,976.88097600,604.27685400]
  resolution: [1900,1200]
cam4:
  T_cam_body:
  - [  0.22425647,  0.97379405, -0.03787054, -1.37136148]
  - [ -0.13344497, -0.00780943, -0.99102546,  1.00180067]
  - [ -0.96535044,  0.22729750,  0.12819660,  5.39180718]
  - [  0.00000000,  0.00000000,  0.00000000,  1.00000000]
  camera_model: pinhole
  distortion_coeffs: [ -0.19907400,  0.17018000,  0.00010400, -0.00099100,  0.00000000]
  distortion_model: plumb_bob
  intrinsics: [2167.49490200,2165.56980200,940.89474900,612.57647900]
  resolution: [1900,1200]
cam5:
  T_cam_body:
  - [ -0.29607616,  0.95516424,  0.00042370, -0.34169709]
  - [ -0.16790811, -0.05161048, -0.98445072,  1.28624420]
  - [ -0.94029026, -0.29154353,  0.17566046,  5.88341191]
  - [  0.00000000,  0.00000000,  0.00000000,  1.00000000]
  camera_model: pinhole
  distortion_coeffs: [ -0.20440700,  0.17692000, -0.00025400, -0.00018900,  0.00000000]
  distortion_model: plumb_bob
  intrinsics: [2169.53280200,2167.61894400,958.79047800,602.89947900]
  resolution: [1900,1200]
cam6:
  T_cam_body:
  - [ -0.16973607,  0.98513424, -0.02646109, -1.00487804]
  - [  0.18633513,  0.00571554, -0.98246962,  1.16135907]
  - [ -0.96771323, -0.17169117, -0.18453525,  6.26526682]
  - [  0.00000000,  0.00000000,  0.00000000,  1.00000000]
  camera_model: pinhole
  distortion_coeffs: [ -0.19957400,  0.16977500, -0.00008300, -0.00020300,  0.00000000]
  distortion_model: plumb_bob
  intrinsics: [2174.42781900,2172.57924300,956.85045600,596.94859000]
  resolution: [1900,1200]
cam7:
  T_cam_body:
  - [  0.30384191,  0.95263308, -0.01305030, -1.85569424]
  - [  0.15418082, -0.06268402, -0.98605222,  1.43236323]
  - [ -0.94016401,  0.29759188, -0.16592379,  5.63254154]
  - [  0.00000000,  0.00000000,  0.00000000,  1.00000000]
  camera_model: pinhole
  distortion_coeffs: [ -0.19961400,  0.16420700, -0.00003500,  0.00040600,  0.00000000]
  distortion_model: plumb_bob
  intrinsics: [2174.75669700,2173.42025700,960.91814700,599.51184600]
  resolution: [1900,1200]
