cam0:
  T_cam_body:
  - [ -0.25630526, -0.96528360,  0.05035064,  2.19030551]
  - [  0.12293485, -0.08422116, -0.98883458,  0.35180306]
  - [  0.95874639, -0.24725365,  0.14025332,  0.14860971]
  - [  0.00000000,  0.00000000,  0.00000000,  1.00000000]
  camera_model: pinhole
  distortion_coeffs: [ -0.20016700,  0.16097300,  0.00039200, -0.00092100,  0.00000000]
  distortion_model: plumb_bob
  intrinsics: [2174.55148200,2172.55663800,959.19672800,613.07115500]
  resolution: [1920,1200]
cam1:
  T_cam_body:
  - [  0.22412444, -0.97416118,  0.02789678,  0.10116472]
  - [  0.16018077,  0.00858677, -0.98705035,  0.17249477]
  - [  0.96130659,  0.22569064,  0.15796639, -0.43782803]
  - [  0.00000000,  0.00000000,  0.00000000,  1.00000000]
  camera_model: pinhole
  distortion_coeffs: [ -0.20596600,  0.18770000, -0.00040500, -0.00052700,  0.00000000]
  distortion_model: plumb_bob
  intrinsics: [2175.13780800,2172.98911900,952.79468600,602.94764200]
  resolution: [1900,1200]
cam2:
  T_cam_body:
  - [  0.15726059, -0.98749034, -0.01148658,  0.17233448]
  - [ -0.17665227, -0.01668485, -0.98413190,  2.32141564]
  - [  0.97162909,  0.15679429, -0.17706627,  0.02919418]
  - [  0.00000000,  0.00000000,  0.00000000,  1.00000000]
  camera_model: pinhole
  distortion_coeffs: [ -0.18906700,  0.12491500,  0.00004300,  0.00029600,  0.00000000]
  distortion_model: plumb_bob
  intrinsics: [2168.75828100,2166.97968700,990.68865100,583.91409000]
  resolution: [1900,1200]
cam3:
  T_cam_body:
  - [ -0.22608467, -0.97410171, -0.00340430,  2.21085481]
  - [ -0.17971256,  0.04514478, -0.98268273,  2.20976772]
  - [  0.95738661, -0.22155770, -0.18526486,  0.54143253]
  - [  0.00000000,  0.00000000,  0.00000000,  1.00000000]
  camera_model: pinhole
  distortion_coeffs: [ -0.20373500,  0.17155500,  0.00030800,  0.00170700,  0.00000000]
  distortion_model: plumb_bob
  intrinsics: [2173.86677800,2171.87626100,976.88097600,604.27685400]
  resolution: [1900,1200]
cam4:
  T_cam_body:
  - [  0.22161759,  0.97439237, -0.03801504, -1.36369051]
  - [ -0.13501260, -0.00794812, -0.99081200,  1.00514096]
  - [ -0.96574181,  0.22471388,  0.12979380,  5.39022658]
  - [  0.00000000,  0.00000000,  0.00000000,  1.00000000]
  camera_model: pinhole
  distortion_coeffs: [ -0.19907400,  0.17018000,  0.00010400, -0.00099100,  0.00000000]
  distortion_model: plumb_bob
  intrinsics: [2167.49490200,2165.56980200,940.89474900,612.57647900]
  resolution: [1900,1200]
cam5:
  T_cam_body:
  - [ -0.29452654,  0.95564324,  0.00033521, -0.35165724]
  - [ -0.16831726, -0.05152961, -0.98438509,  1.28691565]
  - [ -0.94070368, -0.28998396,  0.17602809,  5.88031075]
  - [  0.00000000,  0.00000000,  0.00000000,  1.00000000]
  camera_model: pinhole
  distortion_coeffs: [ -0.20440700,  0.17692000, -0.00025400, -0.00018900,  0.00000000]
  distortion_model: plumb_bob
  intrinsics: [2169.53280200,2167.61894400,958.79047800,602.89947900]
  resolution: [1900,1200]
cam6:
  T_cam_body:
  - [ -0.16990380,  0.98510787, -0.02636623, -1.00446993]
  - [  0.18596278,  0.00577593, -0.98253981,  1.16351118]
  - [ -0.96775542, -0.17184038, -0.18417475,  6.26411280]
  - [  0.00000000,  0.00000000,  0.00000000,  1.00000000]
  camera_model: pinhole
  distortion_coeffs: [ -0.19957400,  0.16977500, -0.00008300, -0.00020300,  0.00000000]
  distortion_model: plumb_bob
  intrinsics: [2174.42781900,2172.57924300,956.85045600,596.94859000]
  resolution: [1900,1200]
cam7:
  T_cam_body:
  - [  0.30367549,  0.95268566, -0.01308526, -1.85516492]
  - [  0.15323994, -0.06239217, -0.98621739,  1.43338602]
  - [ -0.94037159,  0.29748486, -0.16493647,  5.63147121]
  - [  0.00000000,  0.00000000,  0.00000000,  1.00000000]
  camera_model: pinhole
  distortion_coeffs: [ -0.19961400,  0.16420700, -0.00003500,  0.00040600,  0.00000000]
  distortion_model: plumb_bob
  intrinsics: [2174.75669700,2173.42025700,960.91814700,599.51184600]
  resolution: [1900,1200]
