cam0:
  T_cam_body:
  - [ -0.25673142, -0.96515655,  0.05061434,  2.18833428]
  - [  0.12207551, -0.08433319, -0.98893148,  0.35310701]
  - [  0.95874217, -0.24771101,  0.13947296,  0.15279082]
  - [  0.00000000,  0.00000000,  0.00000000,  1.00000000]
  camera_model: pinhole
  distortion_coeffs: [ -0.20016700,  0.16097300,  0.00039200, -0.00092100,  0.00000000]
  distortion_model: plumb_bob
  intrinsics: [2174.55148200,2172.55663800,959.19672800,613.07115500]
  resolution: [1920,1200]
cam1:
  T_cam_body:
  - [  0.22464780, -0.97405074,  0.02754126,  0.10166842]
  - [  0.16007758,  0.00900990, -0.98706332,  0.17251098]
  - [  0.96120161,  0.22615034,  0.15794774, -0.43530354]
  - [  0.00000000,  0.00000000,  0.00000000,  1.00000000]
  camera_model: pinhole
  distortion_coeffs: [ -0.20596600,  0.18770000, -0.00040500, -0.00052700,  0.00000000]
  distortion_model: plumb_bob
  intrinsics: [2175.13780800,2172.98911900,952.79468600,602.94764200]
  resolution: [1900,1200]
cam2:
  T_cam_body:
  - [  0.15759400, -0.98743656, -0.01153966,  0.17279534]
  - [ -0.17744099, -0.01682007, -0.98398769,  2.32231592]
  - [  0.97143133,  0.15711816, -0.17786246,  0.03329520]
  - [  0.00000000,  0.00000000,  0.00000000,  1.00000000]
  camera_model: pinhole
  distortion_coeffs: [ -0.18906700,  0.12491500,  0.00004300,  0.00029600,  0.00000000]
  distortion_model: plumb_bob
  intrinsics: [2168.75828100,2166.97968700,990.68865100,583.91409000]
  resolution: [1900,1200]
cam3:
  T_cam_body:
  - [ -0.22620820, -0.97407263, -0.00351530,  2.21114488]
  - [ -0.18009299,  0.04536896, -0.98260275,  2.20993697]
  - [  0.95728594, -0.22163972, -0.18568649,  0.54290602]
  - [  0.00000000,  0.00000000,  0.00000000,  1.00000000]
  camera_model: pinhole
  distortion_coeffs: [ -0.20373500,  0.17155500,  0.00030800,  0.00170700,  0.00000000]
  distortion_model: plumb_bob
  intrinsics: [2173.86677800,2171.87626100,976.88097600,604.27685400]
  resolution: [1900,1200]
cam4:
  T_cam_body:
  - [  0.22440405,  0.97375946, -0.03788574, -1.37120766]
  - [ -0.13372168, -0.00773975, -0.99098870,  1.00203440]
  - [ -0.96527785,  0.22744803,  0.12847592,  5.39220320]
  - [  0.00000000,  0.00000000,  0.00000000,  1.00000000]
  camera_model: pinhole
  distortion_coeffs: [ -0.19907400,  0.17018000,  0.00010400, -0.00099100,  0.00000000]
  distortion_model: plumb_bob
  intrinsics: [2167.49490200,2165.56980200,940.89474900,612.57647900]
  resolution: [1900,1200]
cam5:
  T_cam_body:
  - [ -0.29589400,  0.95522066,  0.00048667, -0.34214813]
  - [ -0.16805846, -0.05155709, -0.98442786,  1.28635134]
  - [ -0.94032074, -0.29136808,  0.17578834,  5.88373116]
  - [  0.00000000,  0.00000000,  0.00000000,  1.00000000]
  camera_model: pinhole
  distortion_coeffs: [ -0.20440700,  0.17692000, -0.00025400, -0.00018900,  0.00000000]
  distortion_model: plumb_bob
  intrinsics: [2169.53280200,2167.61894400,958.79047800,602.89947900]
  resolution: [1900,1200]
cam6:
  T_cam_body:
  - [ -0.16977726,  0.98512942, -0.02637637, -1.00507105]
  - [  0.18642476,  0.00582377, -0.98245198,  1.16122977]
  - [ -0.96768874, -0.17171522, -0.18464126,  6.26630551]
  - [  0.00000000,  0.00000000,  0.00000000,  1.00000000]
  camera_model: pinhole
  distortion_coeffs: [ -0.19957400,  0.16977500, -0.00008300, -0.00020300,  0.00000000]
  distortion_model: plumb_bob
  intrinsics: [2174.42781900,2172.57924300,956.85045600,596.94859000]
  resolution: [1900,1200]
cam7:
  T_cam_body:
  - [  0.30406261,  0.95256438, -0.01292410, -1.85588960]
  - [  0.15419708, -0.06259885, -0.98605509,  1.43224081]
  - [ -0.94008999,  0.29782963, -0.16591661,  5.63294272]
  - [  0.00000000,  0.00000000,  0.00000000,  1.00000000]
  camera_model: pinhole
  distortion_coeffs: [ -0.19961400,  0.16420700, -0.00003500,  0.00040600,  0.00000000]
  distortion_model: plumb_bob
  intrinsics: [2174.75669700,2173.42025700,960.91814700,599.51184600]
  resolution: [1900,1200]
