cam0:
  T_cam_body:
  - [ -0.25606121, -0.96535506,  0.05022219,  2.18993867]
  - [  0.12323760, -0.08413101, -0.98880456,  0.35164926]
  - [  0.95877273, -0.24700523,  0.14051073,  0.14863207]
  - [  0.00000000,  0.00000000,  0.00000000,  1.00000000]
  camera_model: pinhole
  distortion_coeffs: [ -0.20016700,  0.16097300,  0.00039200, -0.00092100,  0.00000000]
  distortion_model: plumb_bob
  intrinsics: [2174.55148200,2172.55663800,959.19672800,613.07115500]
  resolution: [1920,1200]
cam1:
  T_cam_body:
  - [  0.22394315, -0.97420071,  0.02797210,  0.10155182]
  - [  0.16022332,  0.00849026, -0.98704428,  0.17246215]
  - [  0.96134175,  0.22552359,  0.15799101, -0.43756401]
  - [  0.00000000,  0.00000000,  0.00000000,  1.00000000]
  camera_model: pinhole
  distortion_coeffs: [ -0.20596600,  0.18770000, -0.00040500, -0.00052700,  0.00000000]
  distortion_model: plumb_bob
  intrinsics: [2175.13780800,2172.98911900,952.79468600,602.94764200]
  resolution: [1900,1200]
cam2:
  T_cam_body:
  - [  0.15703963, -0.98752539, -0.01149620,  0.17282393]
  - [ -0.17634645, -0.01658585, -0.98418842,  2.32097857]
  - [  0.97172037,  0.15658390, -0.17675123,  0.02892642]
  - [  0.00000000,  0.00000000,  0.00000000,  1.00000000]
  camera_model: pinhole
  distortion_coeffs: [ -0.18906700,  0.12491500,  0.00004300,  0.00029600,  0.00000000]
  distortion_model: plumb_bob
  intrinsics: [2168.75828100,2166.97968700,990.68865100,583.91409000]
  resolution: [1900,1200]
cam3:
  T_cam_body:
  - [ -0.22618280, -0.97407915, -0.00333906,  2.21113105]
  - [ -0.17956784,  0.04506461, -0.98271286,  2.20981372]
  - [  0.95739058, -0.22167316, -0.18510613,  0.54004218]
  - [  0.00000000,  0.00000000,  0.00000000,  1.00000000]
  camera_model: pinhole
  distortion_coeffs: [ -0.20373500,  0.17155500,  0.00030800,  0.00170700,  0.00000000]
  distortion_model: plumb_bob
  intrinsics: [2173.86677800,2171.87626100,976.88097600,604.27685400]
  resolution: [1900,1200]
cam4:
  T_cam_body:
  - [  0.22137344,  0.97444789, -0.03801454, -1.36146360]
  - [ -0.13499290, -0.00798556, -0.99081439,  1.00541349]
  - [ -0.96580056,  0.22447168,  0.12977575,  5.39025322]
  - [  0.00000000,  0.00000000,  0.00000000,  1.00000000]
  camera_model: pinhole
  distortion_coeffs: [ -0.19907400,  0.17018000,  0.00010400, -0.00099100,  0.00000000]
  distortion_model: plumb_bob
  intrinsics: [2167.49490200,2165.56980200,940.89474900,612.57647900]
  resolution: [1900,1200]
cam5:
  T_cam_body:
  - [ -0.29423549,  0.95573291,  0.00029359, -0.35449474]
  - [ -0.16828978, -0.05150792, -0.98439092,  1.28672059]
  - [ -0.94079968, -0.28969215,  0.17599554,  5.87985002]
  - [  0.00000000,  0.00000000,  0.00000000,  1.00000000]
  camera_model: pinhole
  distortion_coeffs: [ -0.20440700,  0.17692000, -0.00025400, -0.00018900,  0.00000000]
  distortion_model: plumb_bob
  intrinsics: [2169.53280200,2167.61894400,958.79047800,602.89947900]
  resolution: [1900,1200]
cam6:
  T_cam_body:
  - [ -0.17011179,  0.98506874, -0.02648709, -1.00350391]
  - [  0.18579577,  0.00566516, -0.98257205,  1.16489930]
  - [ -0.96775096, -0.17206828, -0.18398532,  6.26342393]
  - [  0.00000000,  0.00000000,  0.00000000,  1.00000000]
  camera_model: pinhole
  distortion_coeffs: [ -0.19957400,  0.16977500, -0.00008300, -0.00020300,  0.00000000]
  distortion_model: plumb_bob
  intrinsics: [2174.42781900,2172.57924300,956.85045600,596.94859000]
  resolution: [1900,1200]
cam7:
  T_cam_body:
  - [  0.30342749,  0.95276178, -0.01329482, -1.85420681]
  - [  0.15306302, -0.06250815, -0.98623752,  1.43443239]
  - [ -0.94048045,  0.29721663, -0.16479929,  5.63061915]
  - [  0.00000000,  0.00000000,  0.00000000,  1.00000000]
  camera_model: pinhole
  distortion_coeffs: [ -0.19961400,  0.16420700, -0.00003500,  0.00040600,  0.00000000]
  distortion_model: plumb_bob
  intrinsics: [2174.75669700,2173.42025700,960.91814700,599.51184600]
  resolution: [1900,1200]
