cam0:
  T_cam_body:
  - [ -0.25602545, -0.96536839,  0.05014808,  2.18964978]
  - [  0.12303934, -0.08399867, -0.98884050,  0.35129315]
  - [  0.95880774, -0.24699815,  0.14028409,  0.14858954]
  - [  0.00000000,  0.00000000,  0.00000000,  1.00000000]
  camera_model: pinhole
  distortion_coeffs: [ -0.20016700,  0.16097300,  0.00039200, -0.00092100,  0.00000000]
  distortion_model: plumb_bob
  intrinsics: [2174.55148200,2172.55663800,959.19672800,613.07115500]
  resolution: [1920,1200]
cam1:
  T_cam_body:
  - [  0.22407881, -0.97418106,  0.02756721,  0.10192099]
  - [  0.15994024,  0.00885665, -0.98708697,  0.17306125]
  - [  0.96135727,  0.22559438,  0.15779534, -0.43720860]
  - [  0.00000000,  0.00000000,  0.00000000,  1.00000000]
  camera_model: pinhole
  distortion_coeffs: [ -0.20596600,  0.18770000, -0.00040500, -0.00052700,  0.00000000]
  distortion_model: plumb_bob
  intrinsics: [2175.13780800,2172.98911900,952.79468600,602.94764200]
  resolution: [1900,1200]
cam2:
  T_cam_body:
  - [  0.15718184, -0.98749890, -0.01182337,  0.17312621]
  - [ -0.17697435, -0.01638688, -0.98407904,  2.32240304]
  - [  0.97158322,  0.15677179, -0.17733770,  0.03049995]
  - [  0.00000000,  0.00000000,  0.00000000,  1.00000000]
  camera_model: pinhole
  distortion_coeffs: [ -0.18906700,  0.12491500,  0.00004300,  0.00029600,  0.00000000]
  distortion_model: plumb_bob
  intrinsics: [2168.75828100,2166.97968700,990.68865100,583.91409000]
  resolution: [1900,1200]
cam3:
  T_cam_body:
  - [ -0.22619605, -0.97407543, -0.00352058,  2.21145626]
  - [ -0.17974559,  0.04529147, -0.98266994,  2.20944975]
  - [  0.95735410, -0.22164325, -0.18533051,  0.54038469]
  - [  0.00000000,  0.00000000,  0.00000000,  1.00000000]
  camera_model: pinhole
  distortion_coeffs: [ -0.20373500,  0.17155500,  0.00030800,  0.00170700,  0.00000000]
  distortion_model: plumb_bob
  intrinsics: [2173.86677800,2171.87626100,976.88097600,604.27685400]
  resolution: [1900,1200]
cam4:
  T_cam_body:
  - [  0.22170657,  0.97437394, -0.03796882, -1.36355904]
  - [ -0.13511612, -0.00786487, -0.99079856,  1.00489712]
  - [ -0.96570691,  0.22479675,  0.12990994,  5.38897442]
  - [  0.00000000,  0.00000000,  0.00000000,  1.00000000]
  camera_model: pinhole
  distortion_coeffs: [ -0.19907400,  0.17018000,  0.00010400, -0.00099100,  0.00000000]
  distortion_model: plumb_bob
  intrinsics: [2167.49490200,2165.56980200,940.89474900,612.57647900]
  resolution: [1900,1200]
cam5:
  T_cam_body:
  - [ -0.29455385,  0.95563483,  0.00032959, -0.35213893]
  - [ -0.16820407, -0.05150577, -0.98440568,  1.28706084]
  - [ -0.94071538, -0.29001592,  0.17591289,  5.88037393]
  - [  0.00000000,  0.00000000,  0.00000000,  1.00000000]
  camera_model: pinhole
  distortion_coeffs: [ -0.20440700,  0.17692000, -0.00025400, -0.00018900,  0.00000000]
  distortion_model: plumb_bob
  intrinsics: [2169.53280200,2167.61894400,958.79047800,602.89947900]
  resolution: [1900,1200]
cam6:
  T_cam_body:
  - [ -0.16999314,  0.98509471, -0.02628193, -1.00445010]
  - [  0.18608086,  0.00589794, -0.98251673,  1.16334981]
  - [ -0.96771703, -0.17191167, -0.18430988,  6.26422314]
  - [  0.00000000,  0.00000000,  0.00000000,  1.00000000]
  camera_model: pinhole
  distortion_coeffs: [ -0.19957400,  0.16977500, -0.00008300, -0.00020300,  0.00000000]
  distortion_model: plumb_bob
  intrinsics: [2174.42781900,2172.57924300,956.85045600,596.94859000]
  resolution: [1900,1200]
cam7:
  T_cam_body:
  - [  0.30378134,  0.95265252, -0.01304101, -1.85499938]
  - [  0.15311023, -0.06232453, -0.98624181,  1.43324576]
  - [ -0.94035853,  0.29760514, -0.16479388,  5.63050237]
  - [  0.00000000,  0.00000000,  0.00000000,  1.00000000]
  camera_model: pinhole
  distortion_coeffs: [ -0.19961400,  0.16420700, -0.00003500,  0.00040600,  0.00000000]
  distortion_model: plumb_bob
  intrinsics: [2174.75669700,2173.42025700,960.91814700,599.51184600]
  resolution: [1900,1200]
