cam0:
  T_cam_body:
  - [ -0.25677558, -0.96513180,  0.05086173,  2.18871839]
  - [  0.12174795, -0.08450862, -0.98895689,  0.35448122]
  - [  0.95877200, -0.24774767,  0.13920257,  0.15198577]
  - [  0.00000000,  0.00000000,  0.00000000,  1.00000000]
  camera_model: pinhole
  distortion_coeffs: [ -0.20016700,  0.16097300,  0.00039200, -0.00092100,  0.00000000]
  distortion_model: plumb_bob
  intrinsics: [2174.55148200,2172.55663800,959.19672800,613.07115500]
  resolution: [1920,1200]
cam1:
  T_cam_body:
  - [  0.22467897, -0.97403898,  0.02770251,  0.10120192]
  - [  0.15992165,  0.00881500, -0.98709035,  0.17290919]
  - [  0.96122028,  0.22620867,  0.15775047, -0.43627031]
  - [  0.00000000,  0.00000000,  0.00000000,  1.00000000]
  camera_model: pinhole
  distortion_coeffs: [ -0.20596600,  0.18770000, -0.00040500, -0.00052700,  0.00000000]
  distortion_model: plumb_bob
  intrinsics: [2175.13780800,2172.98911900,952.79468600,602.94764200]
  resolution: [1900,1200]
cam2:
  T_cam_body:
  - [  0.15782522, -0.98740101, -0.01142082,  0.17175671]
  - [ -0.17755456, -0.01699908, -0.98396413,  2.32212002]
  - [  0.97137304,  0.15732218, -0.17800044,  0.03235299]
  - [  0.00000000,  0.00000000,  0.00000000,  1.00000000]
  camera_model: pinhole
  distortion_coeffs: [ -0.18906700,  0.12491500,  0.00004300,  0.00029600,  0.00000000]
  distortion_model: plumb_bob
  intrinsics: [2168.75828100,2166.97968700,990.68865100,583.91409000]
  resolution: [1900,1200]
cam3:
  T_cam_body:
  - [ -0.22611662, -0.97409383, -0.00353463,  2.21086470]
  - [ -0.18031777,  0.04542255, -0.98255905,  2.21022864]
  - [  0.95726526, -0.22153558, -0.18591722,  0.54207628]
  - [  0.00000000,  0.00000000,  0.00000000,  1.00000000]
  camera_model: pinhole
  distortion_coeffs: [ -0.20373500,  0.17155500,  0.00030800,  0.00170700,  0.00000000]
  distortion_model: plumb_bob
  intrinsics: [2173.86677800,2171.87626100,976.88097600,604.27685400]
  resolution: [1900,1200]
cam4:
  T_cam_body:
  - [  0.22421692,  0.97380336, -0.03786529, -1.37182436]
  - [ -0.13347350, -0.00780271, -0.99102167,  1.00175995]
  - [ -0.96535568,  0.22725784,  0.12822744,  5.39201576]
  - [  0.00000000,  0.00000000,  0.00000000,  1.00000000]
  camera_model: pinhole
  distortion_coeffs: [ -0.19907400,  0.17018000,  0.00010400, -0.00099100,  0.00000000]
  distortion_model: plumb_bob
  intrinsics: [2167.49490200,2165.56980200,940.89474900,612.57647900]
  resolution: [1900,1200]
cam5:
  T_cam_body:
  - [ -0.29609690,  0.95515780,  0.00044373, -0.34139273]
  - [ -0.16796169, -0.05161044, -0.98444158,  1.28626900]
  - [ -0.94027416, -0.29156463,  0.17571161,  5.88342728]
  - [  0.00000000,  0.00000000,  0.00000000,  1.00000000]
  camera_model: pinhole
  distortion_coeffs: [ -0.20440700,  0.17692000, -0.00025400, -0.00018900,  0.00000000]
  distortion_model: plumb_bob
  intrinsics: [2169.53280200,2167.61894400,958.79047800,602.89947900]
  resolution: [1900,1200]
cam6:
  T_cam_body:
  - [ -0.16976473,  0.98513101, -0.02639759, -1.00500009]
  - [  0.18635074,  0.00578709, -0.98246624,  1.16108050]
  - [ -0.96770519, -0.17170732, -0.18456233,  6.26557024]
  - [  0.00000000,  0.00000000,  0.00000000,  1.00000000]
  camera_model: pinhole
  distortion_coeffs: [ -0.19957400,  0.16977500, -0.00008300, -0.00020300,  0.00000000]
  distortion_model: plumb_bob
  intrinsics: [2174.42781900,2172.57924300,956.85045600,596.94859000]
  resolution: [1900,1200]
cam7:
  T_cam_body:
  - [  0.30378725,  0.95264918, -0.01314738, -1.85571197]
  - [  0.15420666, -0.06278269, -0.98604191,  1.43245181]
  - [ -0.94017744,  0.29751954, -0.16597743,  5.63314936]
  - [  0.00000000,  0.00000000,  0.00000000,  1.00000000]
  camera_model: pinhole
  distortion_coeffs: [ -0.19961400,  0.16420700, -0.00003500,  0.00040600,  0.00000000]
  distortion_model: plumb_bob
  intrinsics: [2174.75669700,2173.42025700,960.91814700,599.51184600]
  resolution: [1900,1200]
