cam0:
  T_cam_body:
  - [ -0.26015313, -0.96423825,  0.05064529,  2.20426645]
  - [  0.12180567, -0.08480527, -0.98892439,  0.35894653]
  - [  0.95785371, -0.25110290,  0.13951204,  0.16491795]
  - [  0.00000000,  0.00000000,  0.00000000,  1.00000000]
  camera_model: pinhole
  distortion_coeffs: [ -0.20016700,  0.16097300,  0.00039200, -0.00092100,  0.00000000]
  distortion_model: plumb_bob
  intrinsics: [2174.55148200,2172.55663800,959.19672800,613.07115500]
  resolution: [1920,1200]
cam1:
  T_cam_body:
  - [  0.22489049, -0.97398566,  0.02786045,  0.10154424]
  - [  0.15999874,  0.00870828, -0.98707881,  0.17252403]
  - [  0.96115798,  0.22644227,  0.15779489, -0.43454675]
  - [  0.00000000,  0.00000000,  0.00000000,  1.00000000]
  camera_model: pinhole
  distortion_coeffs: [ -0.20596600,  0.18770000, -0.00040500, -0.00052700,  0.00000000]
  distortion_model: plumb_bob
  intrinsics: [2175.13780800,2172.98911900,952.79468600,602.94764200]
  resolution: [1900,1200]
cam2:
  T_cam_body:
  - [  0.15786138, -0.98740211, -0.01080979,  0.17122008]
  - [ -0.17739196, -0.01758826, -0.98398310,  2.32143939]
  - [  0.97139687,  0.15725050, -0.17793370,  0.03416774]
  - [  0.00000000,  0.00000000,  0.00000000,  1.00000000]
  camera_model: pinhole
  distortion_coeffs: [ -0.18906700,  0.12491500,  0.00004300,  0.00029600,  0.00000000]
  distortion_model: plumb_bob
  intrinsics: [2168.75828100,2166.97968700,990.68865100,583.91409000]
  resolution: [1900,1200]
cam3:
  T_cam_body:
  - [ -0.22812901, -0.97361791, -0.00503247,  2.22413890]
  - [ -0.18092871,  0.04747113, -0.98234988,  2.20808687]
  - [  0.95667233, -0.22319199, -0.18698498,  0.54963146]
  - [  0.00000000,  0.00000000,  0.00000000,  1.00000000]
  camera_model: pinhole
  distortion_coeffs: [ -0.20373500,  0.17155500,  0.00030800,  0.00170700,  0.00000000]
  distortion_model: plumb_bob
  intrinsics: [2173.86677800,2171.87626100,976.88097600,604.27685400]
  resolution: [1900,1200]
cam4:
  T_cam_body:
  - [  0.21344788,  0.97623652, -0.03744664, -1.35469769]
  - [ -0.13260733, -0.00902408, -0.99112757,  1.00435536]
  - [ -0.96791286,  0.21651978,  0.12752994,  5.41358760]
  - [  0.00000000,  0.00000000,  0.00000000,  1.00000000]
  camera_model: pinhole
  distortion_coeffs: [ -0.19907400,  0.17018000,  0.00010400, -0.00099100,  0.00000000]
  distortion_model: plumb_bob
  intrinsics: [2167.49490200,2165.56980200,940.89474900,612.57647900]
  resolution: [1900,1200]
cam5:
  T_cam_body:
  - [ -0.29670796,  0.95496817,  0.00042314, -0.33766496]
  - [ -0.16849434, -0.05191492, -0.98433455,  1.28709715]
  - [ -0.93998619, -0.29213120,  0.17631030,  5.88459214]
  - [  0.00000000,  0.00000000,  0.00000000,  1.00000000]
  camera_model: pinhole
  distortion_coeffs: [ -0.20440700,  0.17692000, -0.00025400, -0.00018900,  0.00000000]
  distortion_model: plumb_bob
  intrinsics: [2169.53280200,2167.61894400,958.79047800,602.89947900]
  resolution: [1900,1200]
cam6:
  T_cam_body:
  - [ -0.16960672,  0.98516029, -0.02632022, -1.00702187]
  - [  0.18610204,  0.00579011, -0.98251336,  1.16282435]
  - [ -0.96778076, -0.17153912, -0.18432238,  6.26681590]
  - [  0.00000000,  0.00000000,  0.00000000,  1.00000000]
  camera_model: pinhole
  distortion_coeffs: [ -0.19957400,  0.16977500, -0.00008300, -0.00020300,  0.00000000]
  distortion_model: plumb_bob
  intrinsics: [2174.42781900,2172.57924300,956.85045600,596.94859000]
  resolution: [1900,1200]
cam7:
  T_cam_body:
  - [  0.29674588,  0.95486669, -0.01309523, -1.85909028]
  - [  0.15598919, -0.06199669, -0.98581123,  1.43121465]
  - [ -0.94213017,  0.29049271, -0.16734615,  5.64954506]
  - [  0.00000000,  0.00000000,  0.00000000,  1.00000000]
  camera_model: pinhole
  distortion_coeffs: [ -0.19961400,  0.16420700, -0.00003500,  0.00040600,  0.00000000]
  distortion_model: plumb_bob
  intrinsics: [2174.75669700,2173.42025700,960.91814700,599.51184600]
  resolution: [1900,1200]
