cam0:
  T_cam_body:
  - [ -0.25688672, -0.96511081,  0.05069853,  2.18784400]
  - [  0.12219844, -0.08447440, -0.98890425,  0.35326493]
  - [  0.95868491, -0.24784109,  0.13963539,  0.15421721]
  - [  0.00000000,  0.00000000,  0.00000000,  1.00000000]
  camera_model: pinhole
  distortion_coeffs: [ -0.20016700,  0.16097300,  0.00039200, -0.00092100,  0.00000000]
  distortion_model: plumb_bob
  intrinsics: [2174.55148200,2172.55663800,959.19672800,613.07115500]
  resolution: [1920,1200]
cam1:
  T_cam_body:
  - [  0.22484840, -0.97400134,  0.02765106,  0.10127313]
  - [  0.15998410,  0.00891002, -0.98707938,  0.17288027]
  - [  0.96117027,  0.22636695,  0.15782813, -0.43529065]
  - [  0.00000000,  0.00000000,  0.00000000,  1.00000000]
  camera_model: pinhole
  distortion_coeffs: [ -0.20596600,  0.18770000, -0.00040500, -0.00052700,  0.00000000]
  distortion_model: plumb_bob
  intrinsics: [2175.13780800,2172.98911900,952.79468600,602.94764200]
  resolution: [1900,1200]
cam2:
  T_cam_body:
  - [  0.15772326, -0.98741928, -0.01124899,  0.17201849]
  - [ -0.17739883, -0.01712649, -0.98399001,  2.32231694]
  - [  0.97141805,  0.15719367, -0.17786828,  0.03329349]
  - [  0.00000000,  0.00000000,  0.00000000,  1.00000000]
  camera_model: pinhole
  distortion_coeffs: [ -0.18906700,  0.12491500,  0.00004300,  0.00029600,  0.00000000]
  distortion_model: plumb_bob
  intrinsics: [2168.75828100,2166.97968700,990.68865100,583.91409000]
  resolution: [1900,1200]
cam3:
  T_cam_body:
  - [ -0.22625575, -0.97406160, -0.00351211,  2.21061422]
  - [ -0.18014939,  0.04538810, -0.98259153,  2.20985478]
  - [  0.95726409, -0.22168428, -0.18574592,  0.54413806]
  - [  0.00000000,  0.00000000,  0.00000000,  1.00000000]
  camera_model: pinhole
  distortion_coeffs: [ -0.20373500,  0.17155500,  0.00030800,  0.00170700,  0.00000000]
  distortion_model: plumb_bob
  intrinsics: [2173.86677800,2171.87626100,976.88097600,604.27685400]
  resolution: [1900,1200]
cam4:
  T_cam_body:
  - [  0.22000221,  0.97475959, -0.03798376, -1.34728444]
  - [ -0.13399642, -0.00837167, -0.99094645,  1.00475378]
  - [ -0.96625255,  0.22310009,  0.12877251,  5.39798019]
  - [  0.00000000,  0.00000000,  0.00000000,  1.00000000]
  camera_model: pinhole
  distortion_coeffs: [ -0.19907400,  0.17018000,  0.00010400, -0.00099100,  0.00000000]
  distortion_model: plumb_bob
  intrinsics: [2167.49490200,2165.56980200,940.89474900,612.57647900]
  resolution: [1900,1200]
cam5:
  T_cam_body:
  - [ -0.29591077,  0.95521545,  0.00050605, -0.34168043]
  - [ -0.16842611, -0.05165428, -0.98435993,  1.28822407]
  - [ -0.94024968, -0.29136794,  0.17616828,  5.88293426]
  - [  0.00000000,  0.00000000,  0.00000000,  1.00000000]
  camera_model: pinhole
  distortion_coeffs: [ -0.20440700,  0.17692000, -0.00025400, -0.00018900,  0.00000000]
  distortion_model: plumb_bob
  intrinsics: [2169.53280200,2167.61894400,958.79047800,602.89947900]
  resolution: [1900,1200]
cam6:
  T_cam_body:
  - [ -0.16978253,  0.98513568, -0.02610705, -1.00530864]
  - [  0.18638129,  0.00608565, -0.98245864,  1.16048705]
  - [ -0.96769619, -0.17167018, -0.18464410,  6.26651731]
  - [  0.00000000,  0.00000000,  0.00000000,  1.00000000]
  camera_model: pinhole
  distortion_coeffs: [ -0.19957400,  0.16977500, -0.00008300, -0.00020300,  0.00000000]
  distortion_model: plumb_bob
  intrinsics: [2174.42781900,2172.57924300,956.85045600,596.94859000]
  resolution: [1900,1200]
cam7:
  T_cam_body:
  - [  0.30371715,  0.95267329, -0.01301922, -1.85569069]
  - [  0.15405934, -0.06259063, -0.98607714,  1.43318821]
  - [ -0.94022424,  0.29748281, -0.16577806,  5.63296460]
  - [  0.00000000,  0.00000000,  0.00000000,  1.00000000]
  camera_model: pinhole
  distortion_coeffs: [ -0.19961400,  0.16420700, -0.00003500,  0.00040600,  0.00000000]
  distortion_model: plumb_bob
  intrinsics: [2174.75669700,2173.42025700,960.91814700,599.51184600]
  resolution: [1900,1200]
