cam0:
  T_cam_body:
  - [ -0.25932839, -0.96444034,  0.05102558,  2.20473870]
  - [  0.12217690, -0.08516903, -0.98884733,  0.35937050]
  - [  0.95803006, -0.25020203,  0.13991908,  0.16234114]
  - [  0.00000000,  0.00000000,  0.00000000,  1.00000000]
  camera_model: pinhole
  distortion_coeffs: [ -0.20016700,  0.16097300,  0.00039200, -0.00092100,  0.00000000]
  distortion_model: plumb_bob
  intrinsics: [2174.55148200,2172.55663800,959.19672800,613.07115500]
  resolution: [1920,1200]
cam1:
  T_cam_body:
  - [  0.22451730, -0.97406349,  0.02814778,  0.10154007]
  - [  0.16026665,  0.00841805, -0.98703786,  0.17191769]
  - [  0.96120059,  0.22611823,  0.15799989, -0.43536309]
  - [  0.00000000,  0.00000000,  0.00000000,  1.00000000]
  camera_model: pinhole
  distortion_coeffs: [ -0.20596600,  0.18770000, -0.00040500, -0.00052700,  0.00000000]
  distortion_model: plumb_bob
  intrinsics: [2175.13780800,2172.98911900,952.79468600,602.94764200]
  resolution: [1900,1200]
cam2:
  T_cam_body:
  - [  0.15777325, -0.98741759, -0.01068209,  0.17094260]
  - [ -0.17669589, -0.01758683, -0.98410836,  2.32111969]
  - [  0.97153804,  0.15715345, -0.17724736,  0.03214148]
  - [  0.00000000,  0.00000000,  0.00000000,  1.00000000]
  camera_model: pinhole
  distortion_coeffs: [ -0.18906700,  0.12491500,  0.00004300,  0.00029600,  0.00000000]
  distortion_model: plumb_bob
  intrinsics: [2168.75828100,2166.97968700,990.68865100,583.91409000]
  resolution: [1900,1200]
cam3:
  T_cam_body:
  - [ -0.22778606, -0.97369955, -0.00476426,  2.22224606]
  - [ -0.18074261,  0.04708955, -0.98240251,  2.20844378]
  - [  0.95678922, -0.22291649, -0.18671534,  0.54767586]
  - [  0.00000000,  0.00000000,  0.00000000,  1.00000000]
  camera_model: pinhole
  distortion_coeffs: [ -0.20373500,  0.17155500,  0.00030800,  0.00170700,  0.00000000]
  distortion_model: plumb_bob
  intrinsics: [2173.86677800,2171.87626100,976.88097600,604.27685400]
  resolution: [1900,1200]
cam4:
  T_cam_body:
  - [  0.21288688,  0.97635304, -0.03760212, -1.34935633]
  - [ -0.13316475, -0.00913258, -0.99105184,  1.00605520]
  - [ -0.96795988,  0.21598921,  0.12807160,  5.41217963]
  - [  0.00000000,  0.00000000,  0.00000000,  1.00000000]
  camera_model: pinhole
  distortion_coeffs: [ -0.19907400,  0.17018000,  0.00010400, -0.00099100,  0.00000000]
  distortion_model: plumb_bob
  intrinsics: [2167.49490200,2165.56980200,940.89474900,612.57647900]
  resolution: [1900,1200]
cam5:
  T_cam_body:
  - [ -0.29600201,  0.95518728,  0.00026436, -0.34388957]
  - [ -0.16853850, -0.05195580, -0.98432483,  1.28698435]
  - [ -0.94020082, -0.29140668,  0.17636485,  5.88338147]
  - [  0.00000000,  0.00000000,  0.00000000,  1.00000000]
  camera_model: pinhole
  distortion_coeffs: [ -0.20440700,  0.17692000, -0.00025400, -0.00018900,  0.00000000]
  distortion_model: plumb_bob
  intrinsics: [2169.53280200,2167.61894400,958.79047800,602.89947900]
  resolution: [1900,1200]
cam6:
  T_cam_body:
  - [ -0.16984098,  0.98511652, -0.02644792, -1.00626127]
  - [  0.18600656,  0.00569030, -0.98253203,  1.16320793]
  - [ -0.96775803, -0.17179368, -0.18420458,  6.26626224]
  - [  0.00000000,  0.00000000,  0.00000000,  1.00000000]
  camera_model: pinhole
  distortion_coeffs: [ -0.19957400,  0.16977500, -0.00008300, -0.00020300,  0.00000000]
  distortion_model: plumb_bob
  intrinsics: [2174.42781900,2172.57924300,956.85045600,596.94859000]
  resolution: [1900,1200]
cam7:
  T_cam_body:
  - [  0.29700836,  0.95478355, -0.01320642, -1.85887121]
  - [  0.15531791, -0.06195246, -0.98592000,  1.43233742]
  - [ -0.94215836,  0.29077529, -0.16669538,  5.64725511]
  - [  0.00000000,  0.00000000,  0.00000000,  1.00000000]
  camera_model: pinhole
  distortion_coeffs: [ -0.19961400,  0.16420700, -0.00003500,  0.00040600,  0.00000000]
  distortion_model: plumb_bob
  intrinsics: [2174.75669700,2173.42025700,960.91814700,599.51184600]
  resolution: [1900,1200]
