cam0:
  T_cam_body:
  - [ -0.25956602, -0.96437046,  0.05113809,  2.20227379]
  - [  0.12257012, -0.08542277, -0.98877678,  0.35651384]
  - [  0.95791547, -0.25038485,  0.14037585,  0.16128867]
  - [  0.00000000,  0.00000000,  0.00000000,  1.00000000]
  camera_model: pinhole
  distortion_coeffs: [ -0.20016700,  0.16097300,  0.00039200, -0.00092100,  0.00000000]
  distortion_model: plumb_bob
  intrinsics: [2174.55148200,2172.55663800,959.19672800,613.07115500]
  resolution: [1920,1200]
cam1:
  T_cam_body:
  - [  0.22529294, -0.97387759,  0.02838197,  0.09980530]
  - [  0.16046279,  0.00835623, -0.98700652,  0.17131555]
  - [  0.96098636,  0.22691985,  0.15815372, -0.43646266]
  - [  0.00000000,  0.00000000,  0.00000000,  1.00000000]
  camera_model: pinhole
  distortion_coeffs: [ -0.20596600,  0.18770000, -0.00040500, -0.00052700,  0.00000000]
  distortion_model: plumb_bob
  intrinsics: [2175.13780800,2172.98911900,952.79468600,602.94764200]
  resolution: [1900,1200]
cam2:
  T_cam_body:
  - [  0.15860291, -0.98728705, -0.01045902,  0.16772786]
  - [ -0.17711806, -0.01802870, -0.98402447,  2.32220576]
  - [  0.97132606,  0.15792162, -0.17772577,  0.03189437]
  - [  0.00000000,  0.00000000,  0.00000000,  1.00000000]
  camera_model: pinhole
  distortion_coeffs: [ -0.18906700,  0.12491500,  0.00004300,  0.00029600,  0.00000000]
  distortion_model: plumb_bob
  intrinsics: [2168.75828100,2166.97968700,990.68865100,583.91409000]
  resolution: [1900,1200]
cam3:
  T_cam_body:
  - [ -0.22755366, -0.97375329, -0.00488399,  2.22235172]
  - [ -0.18045386,  0.04709739, -0.98245521,  2.20731567]
  - [  0.95689902, -0.22267995, -0.18643473,  0.54706310]
  - [  0.00000000,  0.00000000,  0.00000000,  1.00000000]
  camera_model: pinhole
  distortion_coeffs: [ -0.20373500,  0.17155500,  0.00030800,  0.00170700,  0.00000000]
  distortion_model: plumb_bob
  intrinsics: [2173.86677800,2171.87626100,976.88097600,604.27685400]
  resolution: [1900,1200]
cam4:
  T_cam_body:
  - [  0.21768693,  0.97529725, -0.03751902, -1.35335355]
  - [ -0.13489305, -0.00800826, -0.99082780,  1.00329395]
  - [ -0.96665209,  0.22075132,  0.12981753,  5.40781085]
  - [  0.00000000,  0.00000000,  0.00000000,  1.00000000]
  camera_model: pinhole
  distortion_coeffs: [ -0.19907400,  0.17018000,  0.00010400, -0.00099100,  0.00000000]
  distortion_model: plumb_bob
  intrinsics: [2167.49490200,2165.56980200,940.89474900,612.57647900]
  resolution: [1900,1200]
cam5:
  T_cam_body:
  - [ -0.29674877,  0.95495533,  0.00070077, -0.33870200]
  - [ -0.16853487, -0.05164924, -0.98434158,  1.28727166]
  - [ -0.93996605, -0.29222026,  0.17627012,  5.88656257]
  - [  0.00000000,  0.00000000,  0.00000000,  1.00000000]
  camera_model: pinhole
  distortion_coeffs: [ -0.20440700,  0.17692000, -0.00025400, -0.00018900,  0.00000000]
  distortion_model: plumb_bob
  intrinsics: [2169.53280200,2167.61894400,958.79047800,602.89947900]
  resolution: [1900,1200]
cam6:
  T_cam_body:
  - [ -0.16973862,  0.98514044, -0.02621275, -1.00719841]
  - [  0.18653568,  0.00599926, -0.98242987,  1.16017478]
  - [ -0.96767414, -0.17164590, -0.18478215,  6.26902821]
  - [  0.00000000,  0.00000000,  0.00000000,  1.00000000]
  camera_model: pinhole
  distortion_coeffs: [ -0.19957400,  0.16977500, -0.00008300, -0.00020300,  0.00000000]
  distortion_model: plumb_bob
  intrinsics: [2174.42781900,2172.57924300,956.85045600,596.94859000]
  resolution: [1900,1200]
cam7:
  T_cam_body:
  - [  0.29957182,  0.95398980, -0.01265663, -1.85945250]
  - [  0.15490723, -0.06172525, -0.98599886,  1.43072828]
  - [ -0.94141408,  0.29341686, -0.16627106,  5.64503703]
  - [  0.00000000,  0.00000000,  0.00000000,  1.00000000]
  camera_model: pinhole
  distortion_coeffs: [ -0.19961400,  0.16420700, -0.00003500,  0.00040600,  0.00000000]
  distortion_model: plumb_bob
  intrinsics: [2174.75669700,2173.42025700,960.91814700,599.51184600]
  resolution: [1900,1200]
