cam0:
  T_cam_body:
  - [ -0.25894407, -0.96455308,  0.05084611,  2.20280104]
  - [  0.12281372, -0.08509355, -0.98877494,  0.35627684]
  - [  0.95805259, -0.24979280,  0.14049482,  0.15962045]
  - [  0.00000000,  0.00000000,  0.00000000,  1.00000000]
  camera_model: pinhole
  distortion_coeffs: [ -0.20016700,  0.16097300,  0.00039200, -0.00092100,  0.00000000]
  distortion_model: plumb_bob
  intrinsics: [2174.55148200,2172.55663800,959.19672800,613.07115500]
  resolution: [1920,1200]
cam1:
  T_cam_body:
  - [  0.22517256, -0.97391391,  0.02808923,  0.10019437]
  - [  0.16056496,  0.00865694, -0.98698731,  0.17134676]
  - [  0.96099751,  0.22675261,  0.15832576, -0.43673126]
  - [  0.00000000,  0.00000000,  0.00000000,  1.00000000]
  camera_model: pinhole
  distortion_coeffs: [ -0.20596600,  0.18770000, -0.00040500, -0.00052700,  0.00000000]
  distortion_model: plumb_bob
  intrinsics: [2175.13780800,2172.98911900,952.79468600,602.94764200]
  resolution: [1900,1200]
cam2:
  T_cam_body:
  - [  0.15854895, -0.98729189, -0.01081462,  0.16946864]
  - [ -0.17684184, -0.01761953, -0.98408156,  2.32180244]
  - [  0.97138519,  0.15793758, -0.17738807,  0.03085719]
  - [  0.00000000,  0.00000000,  0.00000000,  1.00000000]
  camera_model: pinhole
  distortion_coeffs: [ -0.18906700,  0.12491500,  0.00004300,  0.00029600,  0.00000000]
  distortion_model: plumb_bob
  intrinsics: [2168.75828100,2166.97968700,990.68865100,583.91409000]
  resolution: [1900,1200]
cam3:
  T_cam_body:
  - [ -0.22758240, -0.97374512, -0.00516653,  2.22216423]
  - [ -0.18043642,  0.04738404, -0.98244463,  2.20676122]
  - [  0.95689548, -0.22265487, -0.18648285,  0.54671610]
  - [  0.00000000,  0.00000000,  0.00000000,  1.00000000]
  camera_model: pinhole
  distortion_coeffs: [ -0.20373500,  0.17155500,  0.00030800,  0.00170700,  0.00000000]
  distortion_model: plumb_bob
  intrinsics: [2173.86677800,2171.87626100,976.88097600,604.27685400]
  resolution: [1900,1200]
cam4:
  T_cam_body:
  - [  0.21709724,  0.97542637, -0.03757905, -1.34987812]
  - [ -0.13467345, -0.00819969, -0.99085611,  1.00409340]
  - [ -0.96681531,  0.22017302,  0.12958390,  5.40784050]
  - [  0.00000000,  0.00000000,  0.00000000,  1.00000000]
  camera_model: pinhole
  distortion_coeffs: [ -0.19907400,  0.17018000,  0.00010400, -0.00099100,  0.00000000]
  distortion_model: plumb_bob
  intrinsics: [2167.49490200,2165.56980200,940.89474900,612.57647900]
  resolution: [1900,1200]
cam5:
  T_cam_body:
  - [ -0.29627170,  0.95510352,  0.00059187, -0.34291668]
  - [ -0.16838933, -0.05162411, -0.98436781,  1.28597932]
  - [ -0.94014260, -0.29173999,  0.17612400,  5.88573025]
  - [  0.00000000,  0.00000000,  0.00000000,  1.00000000]
  camera_model: pinhole
  distortion_coeffs: [ -0.20440700,  0.17692000, -0.00025400, -0.00018900,  0.00000000]
  distortion_model: plumb_bob
  intrinsics: [2169.53280200,2167.61894400,958.79047800,602.89947900]
  resolution: [1900,1200]
cam6:
  T_cam_body:
  - [ -0.17000383,  0.98509146, -0.02633475, -1.00584323]
  - [  0.18608065,  0.00584726, -0.98251707,  1.16288138]
  - [ -0.96771519, -0.17193206, -0.18430051,  6.26787161]
  - [  0.00000000,  0.00000000,  0.00000000,  1.00000000]
  camera_model: pinhole
  distortion_coeffs: [ -0.19957400,  0.16977500, -0.00008300, -0.00020300,  0.00000000]
  distortion_model: plumb_bob
  intrinsics: [2174.42781900,2172.57924300,956.85045600,596.94859000]
  resolution: [1900,1200]
cam7:
  T_cam_body:
  - [  0.29916139,  0.95411628, -0.01282946, -1.85796371]
  - [  0.15481949, -0.06180166, -0.98600785,  1.43232136]
  - [ -0.94155902,  0.29298922, -0.16620447,  5.64430786]
  - [  0.00000000,  0.00000000,  0.00000000,  1.00000000]
  camera_model: pinhole
  distortion_coeffs: [ -0.19961400,  0.16420700, -0.00003500,  0.00040600,  0.00000000]
  distortion_model: plumb_bob
  intrinsics: [2174.75669700,2173.42025700,960.91814700,599.51184600]
  resolution: [1900,1200]
