cam0:
  T_cam_body:
  - [ -0.25708874, -0.96505706,  0.05069760,  2.18858288]
  - [  0.12221323, -0.08450742, -0.98889960,  0.35373013]
  - [  0.95862887, -0.24803903,  0.13966865,  0.15169459]
  - [  0.00000000,  0.00000000,  0.00000000,  1.00000000]
  camera_model: pinhole
  distortion_coeffs: [ -0.20016700,  0.16097300,  0.00039200, -0.00092100,  0.00000000]
  distortion_model: plumb_bob
  intrinsics: [2174.55148200,2172.55663800,959.19672800,613.07115500]
  resolution: [1920,1200]
cam1:
  T_cam_body:
  - [  0.22496969, -0.97396744,  0.02785784,  0.10054167]
  - [  0.16010895,  0.00875007, -0.98706057,  0.17262825]
  - [  0.96112110,  0.22651900,  0.15790941, -0.43728601]
  - [  0.00000000,  0.00000000,  0.00000000,  1.00000000]
  camera_model: pinhole
  distortion_coeffs: [ -0.20596600,  0.18770000, -0.00040500, -0.00052700,  0.00000000]
  distortion_model: plumb_bob
  intrinsics: [2175.13780800,2172.98911900,952.79468600,602.94764200]
  resolution: [1900,1200]
cam2:
  T_cam_body:
  - [  0.15801535, -0.98737370, -0.01114972,  0.17061204]
  - [ -0.17724287, -0.01725344, -0.98401590,  2.32197403]
  - [  0.97139905,  0.15746582, -0.17773126,  0.03066143]
  - [  0.00000000,  0.00000000,  0.00000000,  1.00000000]
  camera_model: pinhole
  distortion_coeffs: [ -0.18906700,  0.12491500,  0.00004300,  0.00029600,  0.00000000]
  distortion_model: plumb_bob
  intrinsics: [2168.75828100,2166.97968700,990.68865100,583.91409000]
  resolution: [1900,1200]
cam3:
  T_cam_body:
  - [ -0.22639595, -0.97402925, -0.00344968,  2.21136262]
  - [ -0.18007114,  0.04533443, -0.98260835,  2.20992996]
  - [  0.95724566, -0.22183737, -0.18565809,  0.54197700]
  - [  0.00000000,  0.00000000,  0.00000000,  1.00000000]
  camera_model: pinhole
  distortion_coeffs: [ -0.20373500,  0.17155500,  0.00030800,  0.00170700,  0.00000000]
  distortion_model: plumb_bob
  intrinsics: [2173.86677800,2171.87626100,976.88097600,604.27685400]
  resolution: [1900,1200]
cam4:
  T_cam_body:
  - [  0.22016300,  0.97472046, -0.03805619, -1.34717206]
  - [ -0.13418423, -0.00838012, -0.99092097,  1.00460523]
  - [ -0.96618986,  0.22327067,  0.12894712,  5.39684441]
  - [  0.00000000,  0.00000000,  0.00000000,  1.00000000]
  camera_model: pinhole
  distortion_coeffs: [ -0.19907400,  0.17018000,  0.00010400, -0.00099100,  0.00000000]
  distortion_model: plumb_bob
  intrinsics: [2167.49490200,2165.56980200,940.89474900,612.57647900]
  resolution: [1900,1200]
cam5:
  T_cam_body:
  - [ -0.29604832,  0.95517285,  0.00047042, -0.34128057]
  - [ -0.16836688, -0.05169920, -0.98436771,  1.28767092]
  - [ -0.94021699, -0.29149961,  0.17612493,  5.88258042]
  - [  0.00000000,  0.00000000,  0.00000000,  1.00000000]
  camera_model: pinhole
  distortion_coeffs: [ -0.20440700,  0.17692000, -0.00025400, -0.00018900,  0.00000000]
  distortion_model: plumb_bob
  intrinsics: [2169.53280200,2167.61894400,958.79047800,602.89947900]
  resolution: [1900,1200]
cam6:
  T_cam_body:
  - [ -0.16988060,  0.98511576, -0.02622078, -1.00506137]
  - [  0.18617237,  0.00595380, -0.98249906,  1.16196771]
  - [ -0.96771919, -0.17178911, -0.18441277,  6.26594393]
  - [  0.00000000,  0.00000000,  0.00000000,  1.00000000]
  camera_model: pinhole
  distortion_coeffs: [ -0.19957400,  0.16977500, -0.00008300, -0.00020300,  0.00000000]
  distortion_model: plumb_bob
  intrinsics: [2174.42781900,2172.57924300,956.85045600,596.94859000]
  resolution: [1900,1200]
cam7:
  T_cam_body:
  - [  0.30378371,  0.95265185, -0.01303482, -1.85532993]
  - [  0.15398876, -0.06259659, -0.98608779,  1.43298288]
  - [ -0.94021429,  0.29755020, -0.16571350,  5.63217318]
  - [  0.00000000,  0.00000000,  0.00000000,  1.00000000]
  camera_model: pinhole
  distortion_coeffs: [ -0.19961400,  0.16420700, -0.00003500,  0.00040600,  0.00000000]
  distortion_model: plumb_bob
  intrinsics: [2174.75669700,2173.42025700,960.91814700,599.51184600]
  resolution: [1900,1200]
