cam0:
  T_cam_body:
  - [ -0.25673369, -0.96514898,  0.05074711,  2.19786769]
  - [  0.12123774, -0.08425311, -0.98904137,  0.35973714]
  - [  0.95884786, -0.24776777,  0.13864309,  0.15901916]
  - [  0.00000000,  0.00000000,  0.00000000,  1.00000000]
  camera_model: pinhole
  distortion_coeffs: [ -0.20016700,  0.16097300,  0.00039200, -0.00092100,  0.00000000]
  distortion_model: plumb_bob
  intrinsics: [2174.55148200,2172.55663800,959.19672800,613.07115500]
  resolution: [1920,1200]
cam1:
  T_cam_body:
  - [  0.22380320, -0.97423622,  0.02785519,  0.10234068]
  - [  0.16015009,  0.00856823, -0.98705549,  0.17282699]
  - [  0.96138654,  0.22536718,  0.15794161, -0.43417426]
  - [  0.00000000,  0.00000000,  0.00000000,  1.00000000]
  camera_model: pinhole
  distortion_coeffs: [ -0.20596600,  0.18770000, -0.00040500, -0.00052700,  0.00000000]
  distortion_model: plumb_bob
  intrinsics: [2175.13780800,2172.98911900,952.79468600,602.94764200]
  resolution: [1900,1200]
cam2:
  T_cam_body:
  - [  0.15769300, -0.98742139, -0.01148559,  0.17263878]
  - [ -0.17728004, -0.01686596, -0.98401592,  2.32188487]
  - [  0.97144465,  0.15720859, -0.17770975,  0.03330853]
  - [  0.00000000,  0.00000000,  0.00000000,  1.00000000]
  camera_model: pinhole
  distortion_coeffs: [ -0.18906700,  0.12491500,  0.00004300,  0.00029600,  0.00000000]
  distortion_model: plumb_bob
  intrinsics: [2168.75828100,2166.97968700,990.68865100,583.91409000]
  resolution: [1900,1200]
cam3:
  T_cam_body:
  - [ -0.22594114, -0.97413504, -0.00339546,  2.20745521]
  - [ -0.18060476,  0.04531418, -0.98251135,  2.21202284]
  - [  0.95725259, -0.22137650, -0.18617176,  0.54248382]
  - [  0.00000000,  0.00000000,  0.00000000,  1.00000000]
  camera_model: pinhole
  distortion_coeffs: [ -0.20373500,  0.17155500,  0.00030800,  0.00170700,  0.00000000]
  distortion_model: plumb_bob
  intrinsics: [2173.86677800,2171.87626100,976.88097600,604.27685400]
  resolution: [1900,1200]
cam4:
  T_cam_body:
  - [  0.21935558,  0.97490475, -0.03799816, -1.34330923]
  - [ -0.13400626, -0.00847164, -0.99094427,  1.00592976]
  - [ -0.96639819,  0.22246115,  0.12878504,  5.39756550]
  - [  0.00000000,  0.00000000,  0.00000000,  1.00000000]
  camera_model: pinhole
  distortion_coeffs: [ -0.19907400,  0.17018000,  0.00010400, -0.00099100,  0.00000000]
  distortion_model: plumb_bob
  intrinsics: [2167.49490200,2165.56980200,940.89474900,612.57647900]
  resolution: [1900,1200]
cam5:
  T_cam_body:
  - [ -0.29573815,  0.95526895,  0.00041767, -0.34456518]
  - [ -0.16834357, -0.05168646, -0.98437236,  1.28809106]
  - [ -0.94031877, -0.29118677,  0.17609904,  5.88199454]
  - [  0.00000000,  0.00000000,  0.00000000,  1.00000000]
  camera_model: pinhole
  distortion_coeffs: [ -0.20440700,  0.17692000, -0.00025400, -0.00018900,  0.00000000]
  distortion_model: plumb_bob
  intrinsics: [2169.53280200,2167.61894400,958.79047800,602.89947900]
  resolution: [1900,1200]
cam6:
  T_cam_body:
  - [ -0.16993160,  0.98510357, -0.02634788, -1.00431054]
  - [  0.18590230,  0.00578877, -0.98255118,  1.16379198]
  - [ -0.96776215, -0.17186462, -0.18411671,  6.26499772]
  - [  0.00000000,  0.00000000,  0.00000000,  1.00000000]
  camera_model: pinhole
  distortion_coeffs: [ -0.19957400,  0.16977500, -0.00008300, -0.00020300,  0.00000000]
  distortion_model: plumb_bob
  intrinsics: [2174.42781900,2172.57924300,956.85045600,596.94859000]
  resolution: [1900,1200]
cam7:
  T_cam_body:
  - [  0.30382689,  0.95263773, -0.01306062, -1.85537425]
  - [  0.15390849, -0.06260577, -0.98609974,  1.43387153]
  - [ -0.94021348,  0.29759347, -0.16564035,  5.63195769]
  - [  0.00000000,  0.00000000,  0.00000000,  1.00000000]
  camera_model: pinhole
  distortion_coeffs: [ -0.19961400,  0.16420700, -0.00003500,  0.00040600,  0.00000000]
  distortion_model: plumb_bob
  intrinsics: [2174.75669700,2173.42025700,960.91814700,599.51184600]
  resolution: [1900,1200]
