cam0:
  T_cam_body:
  - [ -0.25520877, -0.96554493,  0.05090647,  2.18935972]
  - [  0.12254923, -0.08452722, -0.98885633,  0.35371051]
  - [  0.95908820, -0.24612626,  0.13989887,  0.14745401]
  - [  0.00000000,  0.00000000,  0.00000000,  1.00000000]
  camera_model: pinhole
  distortion_coeffs: [ -0.20016700,  0.16097300,  0.00039200, -0.00092100,  0.00000000]
  distortion_model: plumb_bob
  intrinsics: [2174.55148200,2172.55663800,959.19672800,613.07115500]
  resolution: [1920,1200]
cam1:
  T_cam_body:
  - [  0.22387633, -0.97421272,  0.02808843,  0.10147424]
  - [  0.16029726,  0.00837861, -0.98703322,  0.17284508]
  - [  0.96134498,  0.22547587,  0.15803941, -0.43686390]
  - [  0.00000000,  0.00000000,  0.00000000,  1.00000000]
  camera_model: pinhole
  distortion_coeffs: [ -0.20596600,  0.18770000, -0.00040500, -0.00052700,  0.00000000]
  distortion_model: plumb_bob
  intrinsics: [2175.13780800,2172.98911900,952.79468600,602.94764200]
  resolution: [1900,1200]
cam2:
  T_cam_body:
  - [  0.15800616, -0.98737835, -0.01086479,  0.16883668]
  - [ -0.17774235, -0.01761667, -0.98391936,  2.32773284]
  - [  0.97130928,  0.15739646, -0.17828249,  0.03419652]
  - [  0.00000000,  0.00000000,  0.00000000,  1.00000000]
  camera_model: pinhole
  distortion_coeffs: [ -0.18906700,  0.12491500,  0.00004300,  0.00029600,  0.00000000]
  distortion_model: plumb_bob
  intrinsics: [2168.75828100,2166.97968700,990.68865100,583.91409000]
  resolution: [1900,1200]
cam3:
  T_cam_body:
  - [ -0.22626719, -0.97406020, -0.00314550,  2.21004258]
  - [ -0.18004649,  0.04499668, -0.98262839,  2.21062330]
  - [  0.95728074, -0.22177023, -0.18555739,  0.54184084]
  - [  0.00000000,  0.00000000,  0.00000000,  1.00000000]
  camera_model: pinhole
  distortion_coeffs: [ -0.20373500,  0.17155500,  0.00030800,  0.00170700,  0.00000000]
  distortion_model: plumb_bob
  intrinsics: [2173.86677800,2171.87626100,976.88097600,604.27685400]
  resolution: [1900,1200]
cam4:
  T_cam_body:
  - [  0.21904042,  0.97497376, -0.03804547, -1.34038174]
  - [ -0.13437334, -0.00847803, -0.99089451,  1.00539802]
  - [ -0.96641870,  0.22215825,  0.12915345,  5.39684354]
  - [  0.00000000,  0.00000000,  0.00000000,  1.00000000]
  camera_model: pinhole
  distortion_coeffs: [ -0.19907400,  0.17018000,  0.00010400, -0.00099100,  0.00000000]
  distortion_model: plumb_bob
  intrinsics: [2167.49490200,2165.56980200,940.89474900,612.57647900]
  resolution: [1900,1200]
cam5:
  T_cam_body:
  - [ -0.29538040,  0.95537962,  0.00045195, -0.34753060]
  - [ -0.16823103, -0.05154731, -0.98439890,  1.28742948]
  - [ -0.94045135, -0.29084818,  0.17595056,  5.88192481]
  - [  0.00000000,  0.00000000,  0.00000000,  1.00000000]
  camera_model: pinhole
  distortion_coeffs: [ -0.20440700,  0.17692000, -0.00025400, -0.00018900,  0.00000000]
  distortion_model: plumb_bob
  intrinsics: [2169.53280200,2167.61894400,958.79047800,602.89947900]
  resolution: [1900,1200]
cam6:
  T_cam_body:
  - [ -0.17014344,  0.98507088, -0.02620233, -1.00376920]
  - [  0.18611079,  0.00601121, -0.98251038,  1.16333910]
  - [ -0.96768486, -0.17204423, -0.18435508,  6.26481324]
  - [  0.00000000,  0.00000000,  0.00000000,  1.00000000]
  camera_model: pinhole
  distortion_coeffs: [ -0.19957400,  0.16977500, -0.00008300, -0.00020300,  0.00000000]
  distortion_model: plumb_bob
  intrinsics: [2174.42781900,2172.57924300,956.85045600,596.94859000]
  resolution: [1900,1200]
cam7:
  T_cam_body:
  - [  0.30369415,  0.95268064, -0.01301766, -1.85447706]
  - [  0.15370599, -0.06247302, -0.98613974,  1.43376053]
  - [ -0.94028949,  0.29748398, -0.16540541,  5.63095671]
  - [  0.00000000,  0.00000000,  0.00000000,  1.00000000]
  camera_model: pinhole
  distortion_coeffs: [ -0.19961400,  0.16420700, -0.00003500,  0.00040600,  0.00000000]
  distortion_model: plumb_bob
  intrinsics: [2174.75669700,2173.42025700,960.91814700,599.51184600]
  resolution: [1900,1200]
