cam0:
  T_cam_body:
  - [ -0.25645986, -0.96521917,  0.05079662,  2.18899521]
  - [  0.12238423, -0.08455913, -0.98887403,  0.35369678]
  - [  0.95877549, -0.24738979,  0.13981363,  0.14976259]
  - [  0.00000000,  0.00000000,  0.00000000,  1.00000000]
  camera_model: pinhole
  distortion_coeffs: [ -0.20016700,  0.16097300,  0.00039200, -0.00092100,  0.00000000]
  distortion_model: plumb_bob
  intrinsics: [2174.55148200,2172.55663800,959.19672800,613.07115500]
  resolution: [1920,1200]
cam1:
  T_cam_body:
  - [  0.22455192, -0.97406213,  0.02791777,  0.10072023]
  - [  0.16015335,  0.00863023, -0.98705442,  0.17263667]
  - [  0.96121139,  0.22611609,  0.15793725, -0.43729087]
  - [  0.00000000,  0.00000000,  0.00000000,  1.00000000]
  camera_model: pinhole
  distortion_coeffs: [ -0.20596600,  0.18770000, -0.00040500, -0.00052700,  0.00000000]
  distortion_model: plumb_bob
  intrinsics: [2175.13780800,2172.98911900,952.79468600,602.94764200]
  resolution: [1900,1200]
cam2:
  T_cam_body:
  - [  0.15770168, -0.98742421, -0.01111756,  0.17116532]
  - [ -0.17705575, -0.01719802, -0.98405055,  2.32234993]
  - [  0.97148414,  0.15715485, -0.17754129,  0.03060605]
  - [  0.00000000,  0.00000000,  0.00000000,  1.00000000]
  camera_model: pinhole
  distortion_coeffs: [ -0.18906700,  0.12491500,  0.00004300,  0.00029600,  0.00000000]
  distortion_model: plumb_bob
  intrinsics: [2168.75828100,2166.97968700,990.68865100,583.91409000]
  resolution: [1900,1200]
cam3:
  T_cam_body:
  - [ -0.22634685, -0.97404079, -0.00341271,  2.21108546]
  - [ -0.17998908,  0.04526852, -0.98262642,  2.20990497]
  - [  0.95727270, -0.22180015, -0.18556310,  0.54160377]
  - [  0.00000000,  0.00000000,  0.00000000,  1.00000000]
  camera_model: pinhole
  distortion_coeffs: [ -0.20373500,  0.17155500,  0.00030800,  0.00170700,  0.00000000]
  distortion_model: plumb_bob
  intrinsics: [2173.86677800,2171.87626100,976.88097600,604.27685400]
  resolution: [1900,1200]
cam4:
  T_cam_body:
  - [  0.21949355,  0.97487108, -0.03806521, -1.34391126]
  - [ -0.13437634, -0.00843585, -0.99089446,  1.00542628]
  - [ -0.96631547,  0.22261001,  0.12914799,  5.39666179]
  - [  0.00000000,  0.00000000,  0.00000000,  1.00000000]
  camera_model: pinhole
  distortion_coeffs: [ -0.19907400,  0.17018000,  0.00010400, -0.00099100,  0.00000000]
  distortion_model: plumb_bob
  intrinsics: [2167.49490200,2165.56980200,940.89474900,612.57647900]
  resolution: [1900,1200]
cam5:
  T_cam_body:
  - [ -0.29556433,  0.95532274,  0.00044356, -0.34416577]
  - [ -0.16840136, -0.05164413, -0.98436470,  1.28812426]
  - [ -0.94036307, -0.29101779,  0.17614181,  5.88156422]
  - [  0.00000000,  0.00000000,  0.00000000,  1.00000000]
  camera_model: pinhole
  distortion_coeffs: [ -0.20440700,  0.17692000, -0.00025400, -0.00018900,  0.00000000]
  distortion_model: plumb_bob
  intrinsics: [2169.53280200,2167.61894400,958.79047800,602.89947900]
  resolution: [1900,1200]
cam6:
  T_cam_body:
  - [ -0.16980475,  0.98512739, -0.02627506, -1.00473401]
  - [  0.18595691,  0.00584702, -0.98254050,  1.16338044]
  - [ -0.96777393, -0.17172608, -0.18418409,  6.26488669]
  - [  0.00000000,  0.00000000,  0.00000000,  1.00000000]
  camera_model: pinhole
  distortion_coeffs: [ -0.19957400,  0.16977500, -0.00008300, -0.00020300,  0.00000000]
  distortion_model: plumb_bob
  intrinsics: [2174.42781900,2172.57924300,956.85045600,596.94859000]
  resolution: [1900,1200]
cam7:
  T_cam_body:
  - [  0.30392947,  0.95260455, -0.01309369, -1.85525881]
  - [  0.15383800, -0.06263638, -0.98610879,  1.43350598]
  - [ -0.94019187,  0.29769322, -0.16558382,  5.63145862]
  - [  0.00000000,  0.00000000,  0.00000000,  1.00000000]
  camera_model: pinhole
  distortion_coeffs: [ -0.19961400,  0.16420700, -0.00003500,  0.00040600,  0.00000000]
  distortion_model: plumb_bob
  intrinsics: [2174.75669700,2173.42025700,960.91814700,599.51184600]
  resolution: [1900,1200]
