cam0:
  T_cam_body:
  - [ -0.25918981, -0.96448484,  0.05088846,  2.20499758]
  - [  0.12201216, -0.08496469, -0.98888525,  0.35882026]
  - [  0.95808855, -0.25009997,  0.13970086,  0.16236791]
  - [  0.00000000,  0.00000000,  0.00000000,  1.00000000]
  camera_model: pinhole
  distortion_coeffs: [ -0.20016700,  0.16097300,  0.00039200, -0.00092100,  0.00000000]
  distortion_model: plumb_bob
  intrinsics: [2174.55148200,2172.55663800,959.19672800,613.07115500]
  resolution: [1920,1200]
cam1:
  T_cam_body:
  - [  0.22451691, -0.97407301,  0.02781969,  0.10165263]
  - [  0.16016258,  0.00872596, -0.98705208,  0.17216423]
  - [  0.96121803,  0.22606556,  0.15796917, -0.43503621]
  - [  0.00000000,  0.00000000,  0.00000000,  1.00000000]
  camera_model: pinhole
  distortion_coeffs: [ -0.20596600,  0.18770000, -0.00040500, -0.00052700,  0.00000000]
  distortion_model: plumb_bob
  intrinsics: [2175.13780800,2172.98911900,952.79468600,602.94764200]
  resolution: [1900,1200]
cam2:
  T_cam_body:
  - [  0.15793985, -0.98739025, -0.01074712,  0.17061201]
  - [ -0.17705682, -0.01761076, -0.98404306,  2.32282304]
  - [  0.97144526,  0.15732246, -0.17760562,  0.03348494]
  - [  0.00000000,  0.00000000,  0.00000000,  1.00000000]
  camera_model: pinhole
  distortion_coeffs: [ -0.18906700,  0.12491500,  0.00004300,  0.00029600,  0.00000000]
  distortion_model: plumb_bob
  intrinsics: [2168.75828100,2166.97968700,990.68865100,583.91409000]
  resolution: [1900,1200]
cam3:
  T_cam_body:
  - [ -0.22808660, -0.97362807, -0.00498947,  2.22422535]
  - [ -0.18076312,  0.04738075, -0.98238473,  2.20766815]
  - [  0.95671375, -0.22316688, -0.18680296,  0.54930698]
  - [  0.00000000,  0.00000000,  0.00000000,  1.00000000]
  camera_model: pinhole
  distortion_coeffs: [ -0.20373500,  0.17155500,  0.00030800,  0.00170700,  0.00000000]
  distortion_model: plumb_bob
  intrinsics: [2173.86677800,2171.87626100,976.88097600,604.27685400]
  resolution: [1900,1200]
cam4:
  T_cam_body:
  - [  0.21306201,  0.97632264, -0.03739899, -1.35050341]
  - [ -0.13306278, -0.00892563, -0.99106742,  1.00514944]
  - [ -0.96793537,  0.21613523,  0.12801050,  5.41267778]
  - [  0.00000000,  0.00000000,  0.00000000,  1.00000000]
  camera_model: pinhole
  distortion_coeffs: [ -0.19907400,  0.17018000,  0.00010400, -0.00099100,  0.00000000]
  distortion_model: plumb_bob
  intrinsics: [2167.49490200,2165.56980200,940.89474900,612.57647900]
  resolution: [1900,1200]
cam5:
  T_cam_body:
  - [ -0.29639593,  0.95506501,  0.00052445, -0.34119938]
  - [ -0.16847768, -0.05174502, -0.98434634,  1.28656932]
  - [ -0.94008761, -0.29184461,  0.17624415,  5.88407633]
  - [  0.00000000,  0.00000000,  0.00000000,  1.00000000]
  camera_model: pinhole
  distortion_coeffs: [ -0.20440700,  0.17692000, -0.00025400, -0.00018900,  0.00000000]
  distortion_model: plumb_bob
  intrinsics: [2169.53280200,2167.61894400,958.79047800,602.89947900]
  resolution: [1900,1200]
cam6:
  T_cam_body:
  - [ -0.16984734,  0.98511685, -0.02639454, -1.00623546]
  - [  0.18601041,  0.00574543, -0.98253097,  1.16373907]
  - [ -0.96775617, -0.17178993, -0.18421784,  6.26655719]
  - [  0.00000000,  0.00000000,  0.00000000,  1.00000000]
  camera_model: pinhole
  distortion_coeffs: [ -0.19957400,  0.16977500, -0.00008300, -0.00020300,  0.00000000]
  distortion_model: plumb_bob
  intrinsics: [2174.42781900,2172.57924300,956.85045600,596.94859000]
  resolution: [1900,1200]
cam7:
  T_cam_body:
  - [  0.29709270,  0.95475806, -0.01315200, -1.85889567]
  - [  0.15557062, -0.06198969, -0.98587781,  1.43209471]
  - [ -0.94209008,  0.29085104, -0.16694899,  5.64797286]
  - [  0.00000000,  0.00000000,  0.00000000,  1.00000000]
  camera_model: pinhole
  distortion_coeffs: [ -0.19961400,  0.16420700, -0.00003500,  0.00040600,  0.00000000]
  distortion_model: plumb_bob
  intrinsics: [2174.75669700,2173.42025700,960.91814700,599.51184600]
  resolution: [1900,1200]
