cam0:
  T_cam_body:
  - [ -0.26011937, -0.96425669,  0.05046739,  2.20438773]
  - [  0.12198628, -0.08466512, -0.98891413,  0.35799556]
  - [  0.95783989, -0.25107939,  0.13964913,  0.16412682]
  - [  0.00000000,  0.00000000,  0.00000000,  1.00000000]
  camera_model: pinhole
  distortion_coeffs: [ -0.20016700,  0.16097300,  0.00039200, -0.00092100,  0.00000000]
  distortion_model: plumb_bob
  intrinsics: [2174.55148200,2172.55663800,959.19672800,613.07115500]
  resolution: [1920,1200]
cam1:
  T_cam_body:
  - [  0.22521723, -0.97391521,  0.02768325,  0.10068864]
  - [  0.16002074,  0.00894743, -0.98707310,  0.17237110]
  - [  0.96107781,  0.22673577,  0.15786175, -0.43557664]
  - [  0.00000000,  0.00000000,  0.00000000,  1.00000000]
  camera_model: pinhole
  distortion_coeffs: [ -0.20596600,  0.18770000, -0.00040500, -0.00052700,  0.00000000]
  distortion_model: plumb_bob
  intrinsics: [2175.13780800,2172.98911900,952.79468600,602.94764200]
  resolution: [1900,1200]
cam2:
  T_cam_body:
  - [  0.15813315, -0.98735696, -0.01096096,  0.17035852]
  - [ -0.17738700, -0.01748642, -0.98398581,  2.32209198]
  - [  0.97135357,  0.15754510, -0.17790948,  0.03250530]
  - [  0.00000000,  0.00000000,  0.00000000,  1.00000000]
  camera_model: pinhole
  distortion_coeffs: [ -0.18906700,  0.12491500,  0.00004300,  0.00029600,  0.00000000]
  distortion_model: plumb_bob
  intrinsics: [2168.75828100,2166.97968700,990.68865100,583.91409000]
  resolution: [1900,1200]
cam3:
  T_cam_body:
  - [ -0.22799971, -0.97364733, -0.00519624,  2.22424045]
  - [ -0.18072949,  0.04756441, -0.98238204,  2.20716045]
  - [  0.95674081, -0.22304371, -0.18681146,  0.54869175]
  - [  0.00000000,  0.00000000,  0.00000000,  1.00000000]
  camera_model: pinhole
  distortion_coeffs: [ -0.20373500,  0.17155500,  0.00030800,  0.00170700,  0.00000000]
  distortion_model: plumb_bob
  intrinsics: [2173.86677800,2171.87626100,976.88097600,604.27685400]
  resolution: [1900,1200]
cam4:
  T_cam_body:
  - [  0.21385604,  0.97614320, -0.03755063, -1.35450465]
  - [ -0.13296881, -0.00899405, -0.99107941,  1.00486999]
  - [ -0.96777316,  0.21694139,  0.12787317,  5.41205026]
  - [  0.00000000,  0.00000000,  0.00000000,  1.00000000]
  camera_model: pinhole
  distortion_coeffs: [ -0.19907400,  0.17018000,  0.00010400, -0.00099100,  0.00000000]
  distortion_model: plumb_bob
  intrinsics: [2167.49490200,2165.56980200,940.89474900,612.57647900]
  resolution: [1900,1200]
cam5:
  T_cam_body:
  - [ -0.29671403,  0.95496631,  0.00035923, -0.33795269]
  - [ -0.16844219, -0.05196577, -0.98434079,  1.28703050]
  - [ -0.93999362, -0.29212823,  0.17627559,  5.88456610]
  - [  0.00000000,  0.00000000,  0.00000000,  1.00000000]
  camera_model: pinhole
  distortion_coeffs: [ -0.20440700,  0.17692000, -0.00025400, -0.00018900,  0.00000000]
  distortion_model: plumb_bob
  intrinsics: [2169.53280200,2167.61894400,958.79047800,602.89947900]
  resolution: [1900,1200]
cam6:
  T_cam_body:
  - [ -0.16966537,  0.98514844, -0.02638589, -1.00652616]
  - [  0.18621128,  0.00575513, -0.98249287,  1.16236227]
  - [ -0.96774946, -0.17160837, -0.18442220,  6.26693600]
  - [  0.00000000,  0.00000000,  0.00000000,  1.00000000]
  camera_model: pinhole
  distortion_coeffs: [ -0.19957400,  0.16977500, -0.00008300, -0.00020300,  0.00000000]
  distortion_model: plumb_bob
  intrinsics: [2174.42781900,2172.57924300,956.85045600,596.94859000]
  resolution: [1900,1200]
cam7:
  T_cam_body:
  - [  0.29718358,  0.95472989, -0.01314404, -1.85889839]
  - [  0.15558076, -0.06200123, -0.98587549,  1.43145469]
  - [ -0.94205974,  0.29094104, -0.16696334,  5.64820317]
  - [  0.00000000,  0.00000000,  0.00000000,  1.00000000]
  camera_model: pinhole
  distortion_coeffs: [ -0.19961400,  0.16420700, -0.00003500,  0.00040600,  0.00000000]
  distortion_model: plumb_bob
  intrinsics: [2174.75669700,2173.42025700,960.91814700,599.51184600]
  resolution: [1900,1200]
