cam0:
  T_cam_body:
  - [ -0.25587145, -0.96538949,  0.05052661,  2.18816654]
  - [  0.12275612, -0.08429040, -0.98885088,  0.35246285]
  - [  0.95888515, -0.24681626,  0.14007498,  0.15034978]
  - [  0.00000000,  0.00000000,  0.00000000,  1.00000000]
  camera_model: pinhole
  distortion_coeffs: [ -0.20016700,  0.16097300,  0.00039200, -0.00092100,  0.00000000]
  distortion_model: plumb_bob
  intrinsics: [2174.55148200,2172.55663800,959.19672800,613.07115500]
  resolution: [1920,1200]
cam1:
  T_cam_body:
  - [  0.22449503, -0.97407665,  0.02786870,  0.10078510]
  - [  0.16023385,  0.00868941, -0.98704083,  0.17256257]
  - [  0.96121126,  0.22605127,  0.15803079, -0.43726353]
  - [  0.00000000,  0.00000000,  0.00000000,  1.00000000]
  camera_model: pinhole
  distortion_coeffs: [ -0.20596600,  0.18770000, -0.00040500, -0.00052700,  0.00000000]
  distortion_model: plumb_bob
  intrinsics: [2175.13780800,2172.98911900,952.79468600,602.94764200]
  resolution: [1900,1200]
cam2:
  T_cam_body:
  - [  0.15782917, -0.98740110, -0.01135908,  0.17105307]
  - [ -0.17683803, -0.01694529, -0.98409409,  2.32159703]
  - [  0.97150309,  0.15732747, -0.17728452,  0.02980434]
  - [  0.00000000,  0.00000000,  0.00000000,  1.00000000]
  camera_model: pinhole
  distortion_coeffs: [ -0.18906700,  0.12491500,  0.00004300,  0.00029600,  0.00000000]
  distortion_model: plumb_bob
  intrinsics: [2168.75828100,2166.97968700,990.68865100,583.91409000]
  resolution: [1900,1200]
cam3:
  T_cam_body:
  - [ -0.22592796, -0.97413796, -0.00343429,  2.20908456]
  - [ -0.17990131,  0.04518809, -0.98264620,  2.21037709]
  - [  0.95738815, -0.22138942, -0.18545795,  0.54321505]
  - [  0.00000000,  0.00000000,  0.00000000,  1.00000000]
  camera_model: pinhole
  distortion_coeffs: [ -0.20373500,  0.17155500,  0.00030800,  0.00170700,  0.00000000]
  distortion_model: plumb_bob
  intrinsics: [2173.86677800,2171.87626100,976.88097600,604.27685400]
  resolution: [1900,1200]
cam4:
  T_cam_body:
  - [  0.21929458,  0.97491605, -0.03806039, -1.34240485]
  - [ -0.13429311, -0.00847713, -0.99090539,  1.00553842]
  - [ -0.96637221,  0.22241143,  0.12906552,  5.39696597]
  - [  0.00000000,  0.00000000,  0.00000000,  1.00000000]
  camera_model: pinhole
  distortion_coeffs: [ -0.19907400,  0.17018000,  0.00010400, -0.00099100,  0.00000000]
  distortion_model: plumb_bob
  intrinsics: [2167.49490200,2165.56980200,940.89474900,612.57647900]
  resolution: [1900,1200]
cam5:
  T_cam_body:
  - [ -0.29549389,  0.95534454,  0.00040341, -0.34593037]
  - [ -0.16836695, -0.05166126, -0.98436969,  1.28788881]
  - [ -0.94039137, -0.29094315,  0.17611403,  5.88180689]
  - [  0.00000000,  0.00000000,  0.00000000,  1.00000000]
  camera_model: pinhole
  distortion_coeffs: [ -0.20440700,  0.17692000, -0.00025400, -0.00018900,  0.00000000]
  distortion_model: plumb_bob
  intrinsics: [2169.53280200,2167.61894400,958.79047800,602.89947900]
  resolution: [1900,1200]
cam6:
  T_cam_body:
  - [ -0.16989578,  0.98511179, -0.02627142, -1.00482714]
  - [  0.18602895,  0.00588072, -0.98252666,  1.16303682]
  - [ -0.96774410, -0.17181438, -0.18425842,  6.26483805]
  - [  0.00000000,  0.00000000,  0.00000000,  1.00000000]
  camera_model: pinhole
  distortion_coeffs: [ -0.19957400,  0.16977500, -0.00008300, -0.00020300,  0.00000000]
  distortion_model: plumb_bob
  intrinsics: [2174.42781900,2172.57924300,956.85045600,596.94859000]
  resolution: [1900,1200]
cam7:
  T_cam_body:
  - [  0.30380002,  0.95264544, -0.01312273, -1.85497467]
  - [  0.15388173, -0.06265669, -0.98610068,  1.43367079]
  - [ -0.94022655,  0.29755806, -0.16562983,  5.63146132]
  - [  0.00000000,  0.00000000,  0.00000000,  1.00000000]
  camera_model: pinhole
  distortion_coeffs: [ -0.19961400,  0.16420700, -0.00003500,  0.00040600,  0.00000000]
  distortion_model: plumb_bob
  intrinsics: [2174.75669700,2173.42025700,960.91814700,599.51184600]
  resolution: [1900,1200]
