cam0:
  T_cam_body:
  - [ -0.25755843, -0.96492527,  0.05082199,  2.19129846]
  - [  0.12339167, -0.08501050, -0.98871012,  0.35440083]
  - [  0.95835179, -0.24837962,  0.14095891,  0.15342544]
  - [  0.00000000,  0.00000000,  0.00000000,  1.00000000]
  camera_model: pinhole
  distortion_coeffs: [ -0.20016700,  0.16097300,  0.00039200, -0.00092100,  0.00000000]
  distortion_model: plumb_bob
  intrinsics: [2174.55148200,2172.55663800,959.19672800,613.07115500]
  resolution: [1920,1200]
cam1:
  T_cam_body:
  - [  0.22451798, -0.97405883,  0.02830318,  0.10066386]
  - [  0.16030742,  0.00827028, -0.98703249,  0.17238171]
  - [  0.96119364,  0.22614375,  0.15800569, -0.43673306]
  - [  0.00000000,  0.00000000,  0.00000000,  1.00000000]
  camera_model: pinhole
  distortion_coeffs: [ -0.20596600,  0.18770000, -0.00040500, -0.00052700,  0.00000000]
  distortion_model: plumb_bob
  intrinsics: [2175.13780800,2172.98911900,952.79468600,602.94764200]
  resolution: [1900,1200]
cam2:
  T_cam_body:
  - [  0.15835659, -0.98732271, -0.01081890,  0.16974240]
  - [ -0.17760719, -0.01770455, -0.98394219,  2.32223067]
  - [  0.97127693,  0.15773524, -0.17815924,  0.03305244]
  - [  0.00000000,  0.00000000,  0.00000000,  1.00000000]
  camera_model: pinhole
  distortion_coeffs: [ -0.18906700,  0.12491500,  0.00004300,  0.00029600,  0.00000000]
  distortion_model: plumb_bob
  intrinsics: [2168.75828100,2166.97968700,990.68865100,583.91409000]
  resolution: [1900,1200]
cam3:
  T_cam_body:
  - [ -0.22651328, -0.97400303, -0.00313608,  2.21202652]
  - [ -0.18057390,  0.04515762, -0.98252423,  2.21056797]
  - [  0.95712319, -0.22198849, -0.18610833,  0.54394208]
  - [  0.00000000,  0.00000000,  0.00000000,  1.00000000]
  camera_model: pinhole
  distortion_coeffs: [ -0.20373500,  0.17155500,  0.00030800,  0.00170700,  0.00000000]
  distortion_model: plumb_bob
  intrinsics: [2173.86677800,2171.87626100,976.88097600,604.27685400]
  resolution: [1900,1200]
cam4:
  T_cam_body:
  - [  0.22132133,  0.97447289, -0.03767562, -1.36426279]
  - [ -0.13458797, -0.00774214, -0.99087140,  1.00310708]
  - [ -0.96586901,  0.22437167,  0.12943882,  5.39452988]
  - [  0.00000000,  0.00000000,  0.00000000,  1.00000000]
  camera_model: pinhole
  distortion_coeffs: [ -0.19907400,  0.17018000,  0.00010400, -0.00099100,  0.00000000]
  distortion_model: plumb_bob
  intrinsics: [2167.49490200,2165.56980200,940.89474900,612.57647900]
  resolution: [1900,1200]
cam5:
  T_cam_body:
  - [ -0.29602318,  0.95518055,  0.00062419, -0.34101665]
  - [ -0.16842849, -0.05155497, -0.98436473,  1.28813765]
  - [ -0.94021387, -0.29149991,  0.17614109,  5.88273557]
  - [  0.00000000,  0.00000000,  0.00000000,  1.00000000]
  camera_model: pinhole
  distortion_coeffs: [ -0.20440700,  0.17692000, -0.00025400, -0.00018900,  0.00000000]
  distortion_model: plumb_bob
  intrinsics: [2169.53280200,2167.61894400,958.79047800,602.89947900]
  resolution: [1900,1200]
cam6:
  T_cam_body:
  - [ -0.16952593,  0.98517648, -0.02623464, -1.00737296]
  - [  0.18645017,  0.00592179, -0.98244657,  1.16096406]
  - [ -0.96772790, -0.17144163, -0.18469022,  6.26624857]
  - [  0.00000000,  0.00000000,  0.00000000,  1.00000000]
  camera_model: pinhole
  distortion_coeffs: [ -0.19957400,  0.16977500, -0.00008300, -0.00020300,  0.00000000]
  distortion_model: plumb_bob
  intrinsics: [2174.42781900,2172.57924300,956.85045600,596.94859000]
  resolution: [1900,1200]
cam7:
  T_cam_body:
  - [  0.30272237,  0.95299024, -0.01299125, -1.85517742]
  - [  0.15395769, -0.06234819, -0.98610838,  1.43238990]
  - [ -0.94056164,  0.29651697, -0.16559437,  5.63520721]
  - [  0.00000000,  0.00000000,  0.00000000,  1.00000000]
  camera_model: pinhole
  distortion_coeffs: [ -0.19961400,  0.16420700, -0.00003500,  0.00040600,  0.00000000]
  distortion_model: plumb_bob
  intrinsics: [2174.75669700,2173.42025700,960.91814700,599.51184600]
  resolution: [1900,1200]
