cam0:
  T_cam_body:
  - [ -0.25686997, -0.96514436,  0.05014161,  2.19215019]
  - [  0.12423194, -0.08442696, -0.98865490,  0.35221260]
  - [  0.95842801, -0.24772656,  0.14158851,  0.15075501]
  - [  0.00000000,  0.00000000,  0.00000000,  1.00000000]
  camera_model: pinhole
  distortion_coeffs: [ -0.20016700,  0.16097300,  0.00039200, -0.00092100,  0.00000000]
  distortion_model: plumb_bob
  intrinsics: [2174.55148200,2172.55663800,959.19672800,613.07115500]
  resolution: [1920,1200]
cam1:
  T_cam_body:
  - [  0.22426175, -0.97412636,  0.02800889,  0.10056717]
  - [  0.16039859,  0.00854721, -0.98701532,  0.17165834]
  - [  0.96123824,  0.22584237,  0.15816530, -0.43783222]
  - [  0.00000000,  0.00000000,  0.00000000,  1.00000000]
  camera_model: pinhole
  distortion_coeffs: [ -0.20596600,  0.18770000, -0.00040500, -0.00052700,  0.00000000]
  distortion_model: plumb_bob
  intrinsics: [2175.13780800,2172.98911900,952.79468600,602.94764200]
  resolution: [1900,1200]
cam2:
  T_cam_body:
  - [  0.15781946, -0.98740540, -0.01111685,  0.17058832]
  - [ -0.17680094, -0.01717894, -0.98409670,  2.32128464]
  - [  0.97151142,  0.15727508, -0.17728537,  0.02960676]
  - [  0.00000000,  0.00000000,  0.00000000,  1.00000000]
  camera_model: pinhole
  distortion_coeffs: [ -0.18906700,  0.12491500,  0.00004300,  0.00029600,  0.00000000]
  distortion_model: plumb_bob
  intrinsics: [2168.75828100,2166.97968700,990.68865100,583.91409000]
  resolution: [1900,1200]
cam3:
  T_cam_body:
  - [ -0.22632727, -0.97404475, -0.00357652,  2.21296087]
  - [ -0.17996240,  0.04542376, -0.98262415,  2.20931407]
  - [  0.95728235, -0.22175100, -0.18557206,  0.54149940]
  - [  0.00000000,  0.00000000,  0.00000000,  1.00000000]
  camera_model: pinhole
  distortion_coeffs: [ -0.20373500,  0.17155500,  0.00030800,  0.00170700,  0.00000000]
  distortion_model: plumb_bob
  intrinsics: [2173.86677800,2171.87626100,976.88097600,604.27685400]
  resolution: [1900,1200]
cam4:
  T_cam_body:
  - [  0.22044798,  0.97465975, -0.03796137, -1.35893540]
  - [ -0.13500306, -0.00805558, -0.99081244,  1.00568498]
  - [ -0.96601080,  0.22354750,  0.12980621,  5.39440290]
  - [  0.00000000,  0.00000000,  0.00000000,  1.00000000]
  camera_model: pinhole
  distortion_coeffs: [ -0.19907400,  0.17018000,  0.00010400, -0.00099100,  0.00000000]
  distortion_model: plumb_bob
  intrinsics: [2167.49490200,2165.56980200,940.89474900,612.57647900]
  resolution: [1900,1200]
cam5:
  T_cam_body:
  - [ -0.29525126,  0.95541956,  0.00041080, -0.34850318]
  - [ -0.16907829, -0.05182671, -0.98423906,  1.28842884]
  - [ -0.94033995, -0.29066727,  0.17684261,  5.88120478]
  - [  0.00000000,  0.00000000,  0.00000000,  1.00000000]
  camera_model: pinhole
  distortion_coeffs: [ -0.20440700,  0.17692000, -0.00025400, -0.00018900,  0.00000000]
  distortion_model: plumb_bob
  intrinsics: [2169.53280200,2167.61894400,958.79047800,602.89947900]
  resolution: [1900,1200]
cam6:
  T_cam_body:
  - [ -0.16962059,  0.98515994, -0.02624417, -1.00692425]
  - [  0.18578535,  0.00581246, -0.98257316,  1.16479419]
  - [ -0.96783917, -0.17154042, -0.18401420,  6.26444850]
  - [  0.00000000,  0.00000000,  0.00000000,  1.00000000]
  camera_model: pinhole
  distortion_coeffs: [ -0.19957400,  0.16977500, -0.00008300, -0.00020300,  0.00000000]
  distortion_model: plumb_bob
  intrinsics: [2174.42781900,2172.57924300,956.85045600,596.94859000]
  resolution: [1900,1200]
cam7:
  T_cam_body:
  - [  0.30274973,  0.95297746, -0.01328798, -1.85487700]
  - [  0.15346436, -0.06250471, -0.98617537,  1.43386908]
  - [ -0.94063345,  0.29652509, -0.16517136,  5.63351401]
  - [  0.00000000,  0.00000000,  0.00000000,  1.00000000]
  camera_model: pinhole
  distortion_coeffs: [ -0.19961400,  0.16420700, -0.00003500,  0.00040600,  0.00000000]
  distortion_model: plumb_bob
  intrinsics: [2174.75669700,2173.42025700,960.91814700,599.51184600]
  resolution: [1900,1200]
