cam0:
  T_cam_body:
  - [ -0.25633776, -0.96529441,  0.04997662,  2.19153643]
  - [  0.12487825, -0.08434414, -0.98858054,  0.35153664]
  - [  0.95848650, -0.24716953,  0.14216487,  0.15026658]
  - [  0.00000000,  0.00000000,  0.00000000,  1.00000000]
  camera_model: pinhole
  distortion_coeffs: [ -0.20016700,  0.16097300,  0.00039200, -0.00092100,  0.00000000]
  distortion_model: plumb_bob
  intrinsics: [2174.55148200,2172.55663800,959.19672800,613.07115500]
  resolution: [1920,1200]
cam1:
  T_cam_body:
  - [  0.22390968, -0.97420330,  0.02814928,  0.10151295]
  - [  0.16053212,  0.00837761, -0.98699506,  0.17115800]
  - [  0.96129803,  0.22551661,  0.15826675, -0.43719017]
  - [  0.00000000,  0.00000000,  0.00000000,  1.00000000]
  camera_model: pinhole
  distortion_coeffs: [ -0.20596600,  0.18770000, -0.00040500, -0.00052700,  0.00000000]
  distortion_model: plumb_bob
  intrinsics: [2175.13780800,2172.98911900,952.79468600,602.94764200]
  resolution: [1900,1200]
cam2:
  T_cam_body:
  - [  0.15745036, -0.98746358, -0.01118286,  0.17198764]
  - [ -0.17632013, -0.01696837, -0.98418661,  2.32143460]
  - [  0.97165868,  0.15693230, -0.17678138,  0.03001558]
  - [  0.00000000,  0.00000000,  0.00000000,  1.00000000]
  camera_model: pinhole
  distortion_coeffs: [ -0.18906700,  0.12491500,  0.00004300,  0.00029600,  0.00000000]
  distortion_model: plumb_bob
  intrinsics: [2168.75828100,2166.97968700,990.68865100,583.91409000]
  resolution: [1900,1200]
cam3:
  T_cam_body:
  - [ -0.22620481, -0.97407336, -0.00353117,  2.21267648]
  - [ -0.17961644,  0.04527397, -0.98269436,  2.20938494]
  - [  0.95737627, -0.22165594, -0.18520078,  0.54126771]
  - [  0.00000000,  0.00000000,  0.00000000,  1.00000000]
  camera_model: pinhole
  distortion_coeffs: [ -0.20373500,  0.17155500,  0.00030800,  0.00170700,  0.00000000]
  distortion_model: plumb_bob
  intrinsics: [2173.86677800,2171.87626100,976.88097600,604.27685400]
  resolution: [1900,1200]
cam4:
  T_cam_body:
  - [  0.21987918,  0.97478562, -0.03802813, -1.35460052]
  - [ -0.13524634, -0.00814497, -0.99077853,  1.00628884]
  - [ -0.96610640,  0.22299474,  0.13004528,  5.39430502]
  - [  0.00000000,  0.00000000,  0.00000000,  1.00000000]
  camera_model: pinhole
  distortion_coeffs: [ -0.19907400,  0.17018000,  0.00010400, -0.00099100,  0.00000000]
  distortion_model: plumb_bob
  intrinsics: [2167.49490200,2165.56980200,940.89474900,612.57647900]
  resolution: [1900,1200]
cam5:
  T_cam_body:
  - [ -0.29442842,  0.95567344,  0.00043074, -0.35532993]
  - [ -0.16922994, -0.05169356, -0.98422000,  1.28859173]
  - [ -0.94057064, -0.28985524,  0.17694861,  5.88029515]
  - [  0.00000000,  0.00000000,  0.00000000,  1.00000000]
  camera_model: pinhole
  distortion_coeffs: [ -0.20440700,  0.17692000, -0.00025400, -0.00018900,  0.00000000]
  distortion_model: plumb_bob
  intrinsics: [2169.53280200,2167.61894400,958.79047800,602.89947900]
  resolution: [1900,1200]
cam6:
  T_cam_body:
  - [ -0.16982595,  0.98512243, -0.02632370, -1.00617626]
  - [  0.18555733,  0.00573162, -0.98261672,  1.16664437]
  - [ -0.96784690, -0.17175838, -0.18377007,  6.26423124]
  - [  0.00000000,  0.00000000,  0.00000000,  1.00000000]
  camera_model: pinhole
  distortion_coeffs: [ -0.19957400,  0.16977500, -0.00008300, -0.00020300,  0.00000000]
  distortion_model: plumb_bob
  intrinsics: [2174.42781900,2172.57924300,956.85045600,596.94859000]
  resolution: [1900,1200]
cam7:
  T_cam_body:
  - [  0.30267233,  0.95300179, -0.01330596, -1.85326747]
  - [  0.15304825, -0.06237811, -0.98624804,  1.43548432]
  - [ -0.94072615,  0.29647354, -0.16473539,  5.63313859]
  - [  0.00000000,  0.00000000,  0.00000000,  1.00000000]
  camera_model: pinhole
  distortion_coeffs: [ -0.19961400,  0.16420700, -0.00003500,  0.00040600,  0.00000000]
  distortion_model: plumb_bob
  intrinsics: [2174.75669700,2173.42025700,960.91814700,599.51184600]
  resolution: [1900,1200]
