cam0:
  T_cam_body:
  - [ -0.25684509, -0.96512252,  0.05068654,  2.19183619]
  - [  0.12364524, -0.08482980, -0.98869397,  0.35372996]
  - [  0.95851054, -0.24767405,  0.14112092,  0.15143013]
  - [  0.00000000,  0.00000000,  0.00000000,  1.00000000]
  camera_model: pinhole
  distortion_coeffs: [ -0.20016700,  0.16097300,  0.00039200, -0.00092100,  0.00000000]
  distortion_model: plumb_bob
  intrinsics: [2174.55148200,2172.55663800,959.19672800,613.07115500]
  resolution: [1920,1200]
cam1:
  T_cam_body:
  - [  0.22431895, -0.97410402,  0.02832600,  0.10071421]
  - [  0.16041448,  0.00823918, -0.98701535,  0.17228160]
  - [  0.96122224,  0.22595015,  0.15810859, -0.43732250]
  - [  0.00000000,  0.00000000,  0.00000000,  1.00000000]
  camera_model: pinhole
  distortion_coeffs: [ -0.20596600,  0.18770000, -0.00040500, -0.00052700,  0.00000000]
  distortion_model: plumb_bob
  intrinsics: [2175.13780800,2172.98911900,952.79468600,602.94764200]
  resolution: [1900,1200]
cam2:
  T_cam_body:
  - [  0.15824963, -0.98733879, -0.01091659,  0.17000366]
  - [ -0.17727859, -0.01753430, -0.98400450,  2.32198179]
  - [  0.97135439,  0.15765362, -0.17780883,  0.03156575]
  - [  0.00000000,  0.00000000,  0.00000000,  1.00000000]
  camera_model: pinhole
  distortion_coeffs: [ -0.18906700,  0.12491500,  0.00004300,  0.00029600,  0.00000000]
  distortion_model: plumb_bob
  intrinsics: [2168.75828100,2166.97968700,990.68865100,583.91409000]
  resolution: [1900,1200]
cam3:
  T_cam_body:
  - [ -0.22641042, -0.97402611, -0.00338477,  2.21232124]
  - [ -0.18036800,  0.04534059, -0.98255362,  2.21014099]
  - [  0.95718635, -0.22184988, -0.18594872,  0.54280338]
  - [  0.00000000,  0.00000000,  0.00000000,  1.00000000]
  camera_model: pinhole
  distortion_coeffs: [ -0.20373500,  0.17155500,  0.00030800,  0.00170700,  0.00000000]
  distortion_model: plumb_bob
  intrinsics: [2173.86677800,2171.87626100,976.88097600,604.27685400]
  resolution: [1900,1200]
cam4:
  T_cam_body:
  - [  0.22088572,  0.97456890, -0.03774856, -1.36161523]
  - [ -0.13465048, -0.00786116, -0.99086197,  1.00365895]
  - [ -0.96596001,  0.22395013,  0.12948976,  5.39448426]
  - [  0.00000000,  0.00000000,  0.00000000,  1.00000000]
  camera_model: pinhole
  distortion_coeffs: [ -0.19907400,  0.17018000,  0.00010400, -0.00099100,  0.00000000]
  distortion_model: plumb_bob
  intrinsics: [2167.49490200,2165.56980200,940.89474900,612.57647900]
  resolution: [1900,1200]
cam5:
  T_cam_body:
  - [ -0.29571726,  0.95527535,  0.00055588, -0.34355974]
  - [ -0.16851097, -0.05159185, -0.98434868,  1.28816891]
  - [ -0.94029535, -0.29118257,  0.17623098,  5.88167284]
  - [  0.00000000,  0.00000000,  0.00000000,  1.00000000]
  camera_model: pinhole
  distortion_coeffs: [ -0.20440700,  0.17692000, -0.00025400, -0.00018900,  0.00000000]
  distortion_model: plumb_bob
  intrinsics: [2169.53280200,2167.61894400,958.79047800,602.89947900]
  resolution: [1900,1200]
cam6:
  T_cam_body:
  - [ -0.16957991,  0.98516945, -0.02614990, -1.00716506]
  - [  0.18614726,  0.00596289, -0.98250376,  1.16236007]
  - [ -0.96777676, -0.17148063, -0.18439778,  6.26507799]
  - [  0.00000000,  0.00000000,  0.00000000,  1.00000000]
  camera_model: pinhole
  distortion_coeffs: [ -0.19957400,  0.16977500, -0.00008300, -0.00020300,  0.00000000]
  distortion_model: plumb_bob
  intrinsics: [2174.42781900,2172.57924300,956.85045600,596.94859000]
  resolution: [1900,1200]
cam7:
  T_cam_body:
  - [  0.30265652,  0.95300956, -0.01310805, -1.85477852]
  - [  0.15385735, -0.06242542, -0.98611915,  1.43295676]
  - [ -0.94059925,  0.29643862, -0.16552099,  5.63472154]
  - [  0.00000000,  0.00000000,  0.00000000,  1.00000000]
  camera_model: pinhole
  distortion_coeffs: [ -0.19961400,  0.16420700, -0.00003500,  0.00040600,  0.00000000]
  distortion_model: plumb_bob
  intrinsics: [2174.75669700,2173.42025700,960.91814700,599.51184600]
  resolution: [1900,1200]
