cam0:
  T_cam_body:
  - [ -0.25922560, -0.96449306,  0.05054927,  2.19876182]
  - [  0.12224842, -0.08468396, -0.98888015,  0.35824668]
  - [  0.95804875, -0.25016349,  0.13986000,  0.16512895]
  - [  0.00000000,  0.00000000,  0.00000000,  1.00000000]
  camera_model: pinhole
  distortion_coeffs: [ -0.20016700,  0.16097300,  0.00039200, -0.00092100,  0.00000000]
  distortion_model: plumb_bob
  intrinsics: [2174.55148200,2172.55663800,959.19672800,613.07115500]
  resolution: [1920,1200]
cam1:
  T_cam_body:
  - [  0.22458084, -0.97406206,  0.02768653,  0.10250652]
  - [  0.15958563,  0.00873583, -0.98714544,  0.17416287]
  - [  0.96129906,  0.22611232,  0.15740821, -0.43278610]
  - [  0.00000000,  0.00000000,  0.00000000,  1.00000000]
  camera_model: pinhole
  distortion_coeffs: [ -0.20596600,  0.18770000, -0.00040500, -0.00052700,  0.00000000]
  distortion_model: plumb_bob
  intrinsics: [2175.13780800,2172.98911900,952.79468600,602.94764200]
  resolution: [1900,1200]
cam2:
  T_cam_body:
  - [  0.15873105, -0.98726050, -0.01100745,  0.16748854]
  - [ -0.17957385, -0.01790532, -0.98358153,  2.33081382]
  - [  0.97085410,  0.15810158, -0.18012830,  0.04196157]
  - [  0.00000000,  0.00000000,  0.00000000,  1.00000000]
  camera_model: pinhole
  distortion_coeffs: [ -0.18906700,  0.12491500,  0.00004300,  0.00029600,  0.00000000]
  distortion_model: plumb_bob
  intrinsics: [2168.75828100,2166.97968700,990.68865100,583.91409000]
  resolution: [1900,1200]
cam3:
  T_cam_body:
  - [ -0.22650077, -0.97400510, -0.00338469,  2.21223074]
  - [ -0.18108964,  0.04552554, -0.98241232,  2.21091475]
  - [  0.95702870, -0.22190422, -0.18669380,  0.54661659]
  - [  0.00000000,  0.00000000,  0.00000000,  1.00000000]
  camera_model: pinhole
  distortion_coeffs: [ -0.20373500,  0.17155500,  0.00030800,  0.00170700,  0.00000000]
  distortion_model: plumb_bob
  intrinsics: [2173.86677800,2171.87626100,976.88097600,604.27685400]
  resolution: [1900,1200]
cam4:
  T_cam_body:
  - [  0.22182855,  0.97435502, -0.03774115, -1.36603964]
  - [ -0.13321407, -0.00805954, -0.99105452,  1.00339250]
  - [ -0.96594312,  0.22487184,  0.12800996,  5.39715665]
  - [  0.00000000,  0.00000000,  0.00000000,  1.00000000]
  camera_model: pinhole
  distortion_coeffs: [ -0.19907400,  0.17018000,  0.00010400, -0.00099100,  0.00000000]
  distortion_model: plumb_bob
  intrinsics: [2167.49490200,2165.56980200,940.89474900,612.57647900]
  resolution: [1900,1200]
cam5:
  T_cam_body:
  - [ -0.29645842,  0.95504568,  0.00039393, -0.33926802]
  - [ -0.16817543, -0.05179777, -0.98439525,  1.28846537]
  - [ -0.94012203, -0.29189851,  0.17597111,  5.88395221]
  - [  0.00000000,  0.00000000,  0.00000000,  1.00000000]
  camera_model: pinhole
  distortion_coeffs: [ -0.20440700,  0.17692000, -0.00025400, -0.00018900,  0.00000000]
  distortion_model: plumb_bob
  intrinsics: [2169.53280200,2167.61894400,958.79047800,602.89947900]
  resolution: [1900,1200]
cam6:
  T_cam_body:
  - [ -0.16936949,  0.98520558, -0.02615238, -1.00780038]
  - [  0.18645188,  0.00597434, -0.98244593,  1.16280334]
  - [ -0.96775496, -0.17127252, -0.18470531,  6.26610564]
  - [  0.00000000,  0.00000000,  0.00000000,  1.00000000]
  camera_model: pinhole
  distortion_coeffs: [ -0.19957400,  0.16977500, -0.00008300, -0.00020300,  0.00000000]
  distortion_model: plumb_bob
  intrinsics: [2174.42781900,2172.57924300,956.85045600,596.94859000]
  resolution: [1900,1200]
cam7:
  T_cam_body:
  - [  0.30222656,  0.95314829, -0.01293988, -1.85561245]
  - [  0.15474566, -0.06245270, -0.98597842,  1.43200088]
  - [ -0.94059178,  0.29598648, -0.16637042,  5.63637715]
  - [  0.00000000,  0.00000000,  0.00000000,  1.00000000]
  camera_model: pinhole
  distortion_coeffs: [ -0.19961400,  0.16420700, -0.00003500,  0.00040600,  0.00000000]
  distortion_model: plumb_bob
  intrinsics: [2174.75669700,2173.42025700,960.91814700,599.51184600]
  resolution: [1900,1200]
