cam0:
  T_cam_body:
  - [ -0.25787191, -0.96484458,  0.05076423,  2.19100003]
  - [  0.12290227, -0.08487154, -0.98878302,  0.35557397]
  - [  0.95833038, -0.24874033,  0.14046758,  0.15627686]
  - [  0.00000000,  0.00000000,  0.00000000,  1.00000000]
  camera_model: pinhole
  distortion_coeffs: [ -0.20016700,  0.16097300,  0.00039200, -0.00092100,  0.00000000]
  distortion_model: plumb_bob
  intrinsics: [2174.55148200,2172.55663800,959.19672800,613.07115500]
  resolution: [1920,1200]
cam1:
  T_cam_body:
  - [  0.22474539, -0.97401627,  0.02796081,  0.10111503]
  - [  0.15997669,  0.00857723, -0.98708353,  0.17330056]
  - [  0.96119559,  0.22631555,  0.15774759, -0.43535691]
  - [  0.00000000,  0.00000000,  0.00000000,  1.00000000]
  camera_model: pinhole
  distortion_coeffs: [ -0.20596600,  0.18770000, -0.00040500, -0.00052700,  0.00000000]
  distortion_model: plumb_bob
  intrinsics: [2175.13780800,2172.98911900,952.79468600,602.94764200]
  resolution: [1900,1200]
cam2:
  T_cam_body:
  - [  0.15879745, -0.98725321, -0.01069878,  0.16682739]
  - [ -0.17912195, -0.01815153, -0.98365942,  2.32948769]
  - [  0.97092672,  0.15811899, -0.17972114,  0.03903815]
  - [  0.00000000,  0.00000000,  0.00000000,  1.00000000]
  camera_model: pinhole
  distortion_coeffs: [ -0.18906700,  0.12491500,  0.00004300,  0.00029600,  0.00000000]
  distortion_model: plumb_bob
  intrinsics: [2168.75828100,2166.97968700,990.68865100,583.91409000]
  resolution: [1900,1200]
cam3:
  T_cam_body:
  - [ -0.22643114, -0.97402267, -0.00296211,  2.21117262]
  - [ -0.18080941,  0.04502063, -0.98248720,  2.21142452]
  - [  0.95709816, -0.22193012, -0.18630654,  0.54530825]
  - [  0.00000000,  0.00000000,  0.00000000,  1.00000000]
  camera_model: pinhole
  distortion_coeffs: [ -0.20373500,  0.17155500,  0.00030800,  0.00170700,  0.00000000]
  distortion_model: plumb_bob
  intrinsics: [2173.86677800,2171.87626100,976.88097600,604.27685400]
  resolution: [1900,1200]
cam4:
  T_cam_body:
  - [  0.22217703,  0.97427389, -0.03778562, -1.36562850]
  - [ -0.13367089, -0.00795127, -0.99099388,  1.00310289]
  - [ -0.96579991,  0.22522691,  0.12846547,  5.39628973]
  - [  0.00000000,  0.00000000,  0.00000000,  1.00000000]
  camera_model: pinhole
  distortion_coeffs: [ -0.19907400,  0.17018000,  0.00010400, -0.00099100,  0.00000000]
  distortion_model: plumb_bob
  intrinsics: [2167.49490200,2165.56980200,940.89474900,612.57647900]
  resolution: [1900,1200]
cam5:
  T_cam_body:
  - [ -0.29632398,  0.95508732,  0.00056005, -0.33963859]
  - [ -0.16817538, -0.05160061, -0.98440562,  1.28792618]
  - [ -0.94016442, -0.29179717,  0.17591267,  5.88393878]
  - [  0.00000000,  0.00000000,  0.00000000,  1.00000000]
  camera_model: pinhole
  distortion_coeffs: [ -0.20440700,  0.17692000, -0.00025400, -0.00018900,  0.00000000]
  distortion_model: plumb_bob
  intrinsics: [2169.53280200,2167.61894400,958.79047800,602.89947900]
  resolution: [1900,1200]
cam6:
  T_cam_body:
  - [ -0.16935782,  0.98520508, -0.02624664, -1.00772911]
  - [  0.18641573,  0.00587173, -0.98245341,  1.16279735]
  - [ -0.96776397, -0.17127896, -0.18465215,  6.26601634]
  - [  0.00000000,  0.00000000,  0.00000000,  1.00000000]
  camera_model: pinhole
  distortion_coeffs: [ -0.19957400,  0.16977500, -0.00008300, -0.00020300,  0.00000000]
  distortion_model: plumb_bob
  intrinsics: [2174.42781900,2172.57924300,956.85045600,596.94859000]
  resolution: [1900,1200]
cam7:
  T_cam_body:
  - [  0.30265105,  0.95301410, -0.01290241, -1.85541484]
  - [  0.15446045, -0.06240173, -0.98602637,  1.43215161]
  - [ -0.94050216,  0.29642900, -0.16608894,  5.63606230]
  - [  0.00000000,  0.00000000,  0.00000000,  1.00000000]
  camera_model: pinhole
  distortion_coeffs: [ -0.19961400,  0.16420700, -0.00003500,  0.00040600,  0.00000000]
  distortion_model: plumb_bob
  intrinsics: [2174.75669700,2173.42025700,960.91814700,599.51184600]
  resolution: [1900,1200]
