cam0:
  T_cam_body:
  - [ -0.25701256, -0.96506565,  0.05091997,  2.19038817]
  - [  0.12341718, -0.08503523, -0.98870481,  0.35448969]
  - [  0.95849504, -0.24782515,  0.14096080,  0.15404142]
  - [  0.00000000,  0.00000000,  0.00000000,  1.00000000]
  camera_model: pinhole
  distortion_coeffs: [ -0.20016700,  0.16097300,  0.00039200, -0.00092100,  0.00000000]
  distortion_model: plumb_bob
  intrinsics: [2174.55148200,2172.55663800,959.19672800,613.07115500]
  resolution: [1920,1200]
cam1:
  T_cam_body:
  - [  0.22437971, -0.97408745,  0.02841446,  0.10114250]
  - [  0.16025064,  0.00812114, -0.98704295,  0.17281496]
  - [  0.96123539,  0.22602584,  0.15792036, -0.43582121]
  - [  0.00000000,  0.00000000,  0.00000000,  1.00000000]
  camera_model: pinhole
  distortion_coeffs: [ -0.20596600,  0.18770000, -0.00040500, -0.00052700,  0.00000000]
  distortion_model: plumb_bob
  intrinsics: [2175.13780800,2172.98911900,952.79468600,602.94764200]
  resolution: [1900,1200]
cam2:
  T_cam_body:
  - [  0.15868094, -0.98727165, -0.01072578,  0.16683189]
  - [ -0.17856152, -0.01801194, -0.98376387,  2.32957193]
  - [  0.97104899,  0.15801979, -0.17914688,  0.03757388]
  - [  0.00000000,  0.00000000,  0.00000000,  1.00000000]
  camera_model: pinhole
  distortion_coeffs: [ -0.18906700,  0.12491500,  0.00004300,  0.00029600,  0.00000000]
  distortion_model: plumb_bob
  intrinsics: [2168.75828100,2166.97968700,990.68865100,583.91409000]
  resolution: [1900,1200]
cam3:
  T_cam_body:
  - [ -0.22622944, -0.97407000, -0.00280619,  2.21030796]
  - [ -0.18051465,  0.04475547, -0.98255351,  2.21129367]
  - [  0.95720149, -0.22177597, -0.18595891,  0.54425757]
  - [  0.00000000,  0.00000000,  0.00000000,  1.00000000]
  camera_model: pinhole
  distortion_coeffs: [ -0.20373500,  0.17155500,  0.00030800,  0.00170700,  0.00000000]
  distortion_model: plumb_bob
  intrinsics: [2173.86677800,2171.87626100,976.88097600,604.27685400]
  resolution: [1900,1200]
cam4:
  T_cam_body:
  - [  0.22125891,  0.97448519, -0.03772419, -1.36280720]
  - [ -0.13479857, -0.00775112, -0.99084271,  1.00366551]
  - [ -0.96585394,  0.22431794,  0.12964420,  5.39348330]
  - [  0.00000000,  0.00000000,  0.00000000,  1.00000000]
  camera_model: pinhole
  distortion_coeffs: [ -0.19907400,  0.17018000,  0.00010400, -0.00099100,  0.00000000]
  distortion_model: plumb_bob
  intrinsics: [2167.49490200,2165.56980200,940.89474900,612.57647900]
  resolution: [1900,1200]
cam5:
  T_cam_body:
  - [ -0.29588437,  0.95522359,  0.00057260, -0.34290846]
  - [ -0.16824690, -0.05152507, -0.98439735,  1.28808262]
  - [ -0.94029007, -0.29136413,  0.17595888,  5.88268188]
  - [  0.00000000,  0.00000000,  0.00000000,  1.00000000]
  camera_model: pinhole
  distortion_coeffs: [ -0.20440700,  0.17692000, -0.00025400, -0.00018900,  0.00000000]
  distortion_model: plumb_bob
  intrinsics: [2169.53280200,2167.61894400,958.79047800,602.89947900]
  resolution: [1900,1200]
cam6:
  T_cam_body:
  - [ -0.16951080,  0.98518081, -0.02616993, -1.00751172]
  - [  0.18625264,  0.00594845, -0.98248388,  1.16335042]
  - [ -0.96776859, -0.17141585, -0.18450085,  6.26530178]
  - [  0.00000000,  0.00000000,  0.00000000,  1.00000000]
  camera_model: pinhole
  distortion_coeffs: [ -0.19957400,  0.16977500, -0.00008300, -0.00020300,  0.00000000]
  distortion_model: plumb_bob
  intrinsics: [2174.42781900,2172.57924300,956.85045600,596.94859000]
  resolution: [1900,1200]
cam7:
  T_cam_body:
  - [  0.30285918,  0.95294580, -0.01306236, -1.85515119]
  - [  0.15371276, -0.06236945, -0.98614524,  1.43284740]
  - [ -0.94055766,  0.29665529, -0.16536909,  5.63436406]
  - [  0.00000000,  0.00000000,  0.00000000,  1.00000000]
  camera_model: pinhole
  distortion_coeffs: [ -0.19961400,  0.16420700, -0.00003500,  0.00040600,  0.00000000]
  distortion_model: plumb_bob
  intrinsics: [2174.75669700,2173.42025700,960.91814700,599.51184600]
  resolution: [1900,1200]
