cam0:
  T_cam_body:
  - [ -0.25820209, -0.96476400,  0.05061726,  2.19048585]
  - [  0.12276797, -0.08473561, -0.98881136,  0.35533101]
  - [  0.95825869, -0.24909898,  0.14032103,  0.15560564]
  - [  0.00000000,  0.00000000,  0.00000000,  1.00000000]
  camera_model: pinhole
  distortion_coeffs: [ -0.20016700,  0.16097300,  0.00039200, -0.00092100,  0.00000000]
  distortion_model: plumb_bob
  intrinsics: [2174.55148200,2172.55663800,959.19672800,613.07115500]
  resolution: [1920,1200]
cam1:
  T_cam_body:
  - [  0.22529795, -0.97389245,  0.02782676,  0.09981697]
  - [  0.15991249,  0.00878986, -0.98709206,  0.17298990]
  - [  0.96107691,  0.22683967,  0.15771790, -0.43687507]
  - [  0.00000000,  0.00000000,  0.00000000,  1.00000000]
  camera_model: pinhole
  distortion_coeffs: [ -0.20596600,  0.18770000, -0.00040500, -0.00052700,  0.00000000]
  distortion_model: plumb_bob
  intrinsics: [2175.13780800,2172.98911900,952.79468600,602.94764200]
  resolution: [1900,1200]
cam2:
  T_cam_body:
  - [  0.15856882, -0.98729027, -0.01066996,  0.16872761]
  - [ -0.17816826, -0.01798300, -0.98383570,  2.32250151]
  - [  0.97113954,  0.15790671, -0.17875533,  0.03330796]
  - [  0.00000000,  0.00000000,  0.00000000,  1.00000000]
  camera_model: pinhole
  distortion_coeffs: [ -0.18906700,  0.12491500,  0.00004300,  0.00029600,  0.00000000]
  distortion_model: plumb_bob
  intrinsics: [2168.75828100,2166.97968700,990.68865100,583.91409000]
  resolution: [1900,1200]
cam3:
  T_cam_body:
  - [ -0.22641999, -0.97402256, -0.00374718,  2.21311387]
  - [ -0.18073376,  0.04579279, -0.98246543,  2.20998044]
  - [  0.95711509, -0.22177257, -0.18640716,  0.54396145]
  - [  0.00000000,  0.00000000,  0.00000000,  1.00000000]
  camera_model: pinhole
  distortion_coeffs: [ -0.20373500,  0.17155500,  0.00030800,  0.00170700,  0.00000000]
  distortion_model: plumb_bob
  intrinsics: [2173.86677800,2171.87626100,976.88097600,604.27685400]
  resolution: [1900,1200]
cam4:
  T_cam_body:
  - [  0.22274271,  0.97414152, -0.03786806, -1.36891449]
  - [ -0.13339404, -0.00802333, -0.99103060,  1.00273214]
  - [ -0.96570788,  0.22579621,  0.12815753,  5.39611272]
  - [  0.00000000,  0.00000000,  0.00000000,  1.00000000]
  camera_model: pinhole
  distortion_coeffs: [ -0.19907400,  0.17018000,  0.00010400, -0.00099100,  0.00000000]
  distortion_model: plumb_bob
  intrinsics: [2167.49490200,2165.56980200,940.89474900,612.57647900]
  resolution: [1900,1200]
cam5:
  T_cam_body:
  - [ -0.29649348,  0.95503470,  0.00058068, -0.33694107]
  - [ -0.16826553, -0.05164003, -0.98438814,  1.28767188]
  - [ -0.94009485, -0.29196237,  0.17601036,  5.88396943]
  - [  0.00000000,  0.00000000,  0.00000000,  1.00000000]
  camera_model: pinhole
  distortion_coeffs: [ -0.20440700,  0.17692000, -0.00025400, -0.00018900,  0.00000000]
  distortion_model: plumb_bob
  intrinsics: [2169.53280200,2167.61894400,958.79047800,602.89947900]
  resolution: [1900,1200]
cam6:
  T_cam_body:
  - [ -0.16932037,  0.98520866, -0.02635350, -1.00758718]
  - [  0.18624088,  0.00572710, -0.98248742,  1.16252987]
  - [ -0.96780419, -0.17126323, -0.18445584,  6.26623780]
  - [  0.00000000,  0.00000000,  0.00000000,  1.00000000]
  camera_model: pinhole
  distortion_coeffs: [ -0.19957400,  0.16977500, -0.00008300, -0.00020300,  0.00000000]
  distortion_model: plumb_bob
  intrinsics: [2174.42781900,2172.57924300,956.85045600,596.94859000]
  resolution: [1900,1200]
cam7:
  T_cam_body:
  - [  0.30265876,  0.95301237, -0.01284917, -1.85557556]
  - [  0.15466486, -0.06241249, -0.98599364,  1.43179439]
  - [ -0.94046608,  0.29643230, -0.16628721,  5.63600476]
  - [  0.00000000,  0.00000000,  0.00000000,  1.00000000]
  camera_model: pinhole
  distortion_coeffs: [ -0.19961400,  0.16420700, -0.00003500,  0.00040600,  0.00000000]
  distortion_model: plumb_bob
  intrinsics: [2174.75669700,2173.42025700,960.91814700,599.51184600]
  resolution: [1900,1200]
