cam0:
  T_cam_body:
  - [ -0.25819430, -0.96474993,  0.05092419,  2.18979569]
  - [  0.12262699, -0.08501238, -0.98880510,  0.35609463]
  - [  0.95827884, -0.24905916,  0.14025409,  0.15701518]
  - [  0.00000000,  0.00000000,  0.00000000,  1.00000000]
  camera_model: pinhole
  distortion_coeffs: [ -0.20016700,  0.16097300,  0.00039200, -0.00092100,  0.00000000]
  distortion_model: plumb_bob
  intrinsics: [2174.55148200,2172.55663800,959.19672800,613.07115500]
  resolution: [1920,1200]
cam1:
  T_cam_body:
  - [  0.22504490, -0.97394766,  0.02794200,  0.10107895]
  - [  0.15981320,  0.00860757, -0.98710975,  0.17347609]
  - [  0.96115271,  0.22660951,  0.15758678, -0.43501382]
  - [  0.00000000,  0.00000000,  0.00000000,  1.00000000]
  camera_model: pinhole
  distortion_coeffs: [ -0.20596600,  0.18770000, -0.00040500, -0.00052700,  0.00000000]
  distortion_model: plumb_bob
  intrinsics: [2175.13780800,2172.98911900,952.79468600,602.94764200]
  resolution: [1900,1200]
cam2:
  T_cam_body:
  - [  0.15905816, -0.98721395, -0.01044636,  0.16515300]
  - [ -0.17951962, -0.01851598, -0.98358013,  2.33075073]
  - [  0.97081059,  0.15832177, -0.18016939,  0.04058762]
  - [  0.00000000,  0.00000000,  0.00000000,  1.00000000]
  camera_model: pinhole
  distortion_coeffs: [ -0.18906700,  0.12491500,  0.00004300,  0.00029600,  0.00000000]
  distortion_model: plumb_bob
  intrinsics: [2168.75828100,2166.97968700,990.68865100,583.91409000]
  resolution: [1900,1200]
cam3:
  T_cam_body:
  - [ -0.22641970, -0.97402417, -0.00332160,  2.21216114]
  - [ -0.18090129,  0.04540230, -0.98245272,  2.21105057]
  - [  0.95708351, -0.22184577, -0.18648221,  0.54554692]
  - [  0.00000000,  0.00000000,  0.00000000,  1.00000000]
  camera_model: pinhole
  distortion_coeffs: [ -0.20373500,  0.17155500,  0.00030800,  0.00170700,  0.00000000]
  distortion_model: plumb_bob
  intrinsics: [2173.86677800,2171.87626100,976.88097600,604.27685400]
  resolution: [1900,1200]
cam4:
  T_cam_body:
  - [  0.22259311,  0.97417791, -0.03781135, -1.36866743]
  - [ -0.13341157, -0.00798174, -0.99102858,  1.00282297]
  - [ -0.96573995,  0.22564061,  0.12818992,  5.39630869]
  - [  0.00000000,  0.00000000,  0.00000000,  1.00000000]
  camera_model: pinhole
  distortion_coeffs: [ -0.19907400,  0.17018000,  0.00010400, -0.00099100,  0.00000000]
  distortion_model: plumb_bob
  intrinsics: [2167.49490200,2165.56980200,940.89474900,612.57647900]
  resolution: [1900,1200]
cam5:
  T_cam_body:
  - [ -0.29662067,  0.95499518,  0.00061535, -0.33724892]
  - [ -0.16815652, -0.05159497, -0.98440913,  1.28768809]
  - [ -0.94007423, -0.29209957,  0.17589280,  5.88451568]
  - [  0.00000000,  0.00000000,  0.00000000,  1.00000000]
  camera_model: pinhole
  distortion_coeffs: [ -0.20440700,  0.17692000, -0.00025400, -0.00018900,  0.00000000]
  distortion_model: plumb_bob
  intrinsics: [2169.53280200,2167.61894400,958.79047800,602.89947900]
  resolution: [1900,1200]
cam6:
  T_cam_body:
  - [ -0.16936059,  0.98520798, -0.02611946, -1.00774835]
  - [  0.18675503,  0.00605913, -0.98238783,  1.16023180]
  - [ -0.96769807, -0.17125573, -0.18501872,  6.26659959]
  - [  0.00000000,  0.00000000,  0.00000000,  1.00000000]
  camera_model: pinhole
  distortion_coeffs: [ -0.19957400,  0.16977500, -0.00008300, -0.00020300,  0.00000000]
  distortion_model: plumb_bob
  intrinsics: [2174.42781900,2172.57924300,956.85045600,596.94859000]
  resolution: [1900,1200]
cam7:
  T_cam_body:
  - [  0.30253218,  0.95305263, -0.01284342, -1.85552026]
  - [  0.15468577, -0.06238997, -0.98599179,  1.43188411]
  - [ -0.94050337,  0.29630755, -0.16629866,  5.63633059]
  - [  0.00000000,  0.00000000,  0.00000000,  1.00000000]
  camera_model: pinhole
  distortion_coeffs: [ -0.19961400,  0.16420700, -0.00003500,  0.00040600,  0.00000000]
  distortion_model: plumb_bob
  intrinsics: [2174.75669700,2173.42025700,960.91814700,599.51184600]
  resolution: [1900,1200]
