cam0:
  T_cam_body:
  - [ -0.25639661, -0.96526045,  0.05032928,  2.19156345]
  - [  0.12335537, -0.08432145, -0.98877366,  0.35379633]
  - [  0.95866795, -0.24730983,  0.14068979,  0.15130917]
  - [  0.00000000,  0.00000000,  0.00000000,  1.00000000]
  camera_model: pinhole
  distortion_coeffs: [ -0.20016700,  0.16097300,  0.00039200, -0.00092100,  0.00000000]
  distortion_model: plumb_bob
  intrinsics: [2174.55148200,2172.55663800,959.19672800,613.07115500]
  resolution: [1920,1200]
cam1:
  T_cam_body:
  - [  0.22416025, -0.97415364,  0.02787225,  0.10126615]
  - [  0.16010392,  0.00859955, -0.98706270,  0.17292654]
  - [  0.96131104,  0.22572268,  0.15789350, -0.43633118]
  - [  0.00000000,  0.00000000,  0.00000000,  1.00000000]
  camera_model: pinhole
  distortion_coeffs: [ -0.20596600,  0.18770000, -0.00040500, -0.00052700,  0.00000000]
  distortion_model: plumb_bob
  intrinsics: [2175.13780800,2172.98911900,952.79468600,602.94764200]
  resolution: [1900,1200]
cam2:
  T_cam_body:
  - [  0.15804942, -0.98736614, -0.01133532,  0.17181621]
  - [ -0.17751896, -0.01711946, -0.98396847,  2.32205001]
  - [  0.97134309,  0.15752788, -0.17798193,  0.03279993]
  - [  0.00000000,  0.00000000,  0.00000000,  1.00000000]
  camera_model: pinhole
  distortion_coeffs: [ -0.18906700,  0.12491500,  0.00004300,  0.00029600,  0.00000000]
  distortion_model: plumb_bob
  intrinsics: [2168.75828100,2166.97968700,990.68865100,583.91409000]
  resolution: [1900,1200]
cam3:
  T_cam_body:
  - [ -0.22657537, -0.97398643, -0.00374713,  2.21346739]
  - [ -0.18053979,  0.04577829, -0.98250177,  2.20973588]
  - [  0.95711493, -0.22193420, -0.18621554,  0.54410420]
  - [  0.00000000,  0.00000000,  0.00000000,  1.00000000]
  camera_model: pinhole
  distortion_coeffs: [ -0.20373500,  0.17155500,  0.00030800,  0.00170700,  0.00000000]
  distortion_model: plumb_bob
  intrinsics: [2173.86677800,2171.87626100,976.88097600,604.27685400]
  resolution: [1900,1200]
cam4:
  T_cam_body:
  - [  0.22131881,  0.97446954, -0.03777705, -1.36129077]
  - [ -0.13363617, -0.00806672, -0.99099763,  1.00365967]
  - [ -0.96600174,  0.22437479,  0.12843906,  5.39638777]
  - [  0.00000000,  0.00000000,  0.00000000,  1.00000000]
  camera_model: pinhole
  distortion_coeffs: [ -0.19907400,  0.17018000,  0.00010400, -0.00099100,  0.00000000]
  distortion_model: plumb_bob
  intrinsics: [2167.49490200,2165.56980200,940.89474900,612.57647900]
  resolution: [1900,1200]
cam5:
  T_cam_body:
  - [ -0.29586492,  0.95522967,  0.00048006, -0.34350354]
  - [ -0.16831955, -0.05163919, -0.98437895,  1.28801498]
  - [ -0.94028319, -0.29132400,  0.17606206,  5.88268214]
  - [  0.00000000,  0.00000000,  0.00000000,  1.00000000]
  camera_model: pinhole
  distortion_coeffs: [ -0.20440700,  0.17692000, -0.00025400, -0.00018900,  0.00000000]
  distortion_model: plumb_bob
  intrinsics: [2169.53280200,2167.61894400,958.79047800,602.89947900]
  resolution: [1900,1200]
cam6:
  T_cam_body:
  - [ -0.16946568,  0.98518310, -0.02637520, -1.00704321]
  - [  0.18603056,  0.00569583, -0.98252745,  1.16402767]
  - [ -0.96781921, -0.17141128, -0.18423941,  6.26481554]
  - [  0.00000000,  0.00000000,  0.00000000,  1.00000000]
  camera_model: pinhole
  distortion_coeffs: [ -0.19957400,  0.16977500, -0.00008300, -0.00020300,  0.00000000]
  distortion_model: plumb_bob
  intrinsics: [2174.42781900,2172.57924300,956.85045600,596.94859000]
  resolution: [1900,1200]
cam7:
  T_cam_body:
  - [  0.30250215,  0.95305974, -0.01302246, -1.85493805]
  - [  0.15439481, -0.06247806, -0.98603181,  1.43280670]
  - [ -0.94056084,  0.29626614, -0.16604723,  5.63500015]
  - [  0.00000000,  0.00000000,  0.00000000,  1.00000000]
  camera_model: pinhole
  distortion_coeffs: [ -0.19961400,  0.16420700, -0.00003500,  0.00040600,  0.00000000]
  distortion_model: plumb_bob
  intrinsics: [2174.75669700,2173.42025700,960.91814700,599.51184600]
  resolution: [1900,1200]
