cam0:
  T_cam_body:
  - [ -0.25783537, -0.96486908,  0.05048348,  2.19098964]
  - [  0.12312272, -0.08463556, -0.98877582,  0.35464618]
  - [  0.95831191, -0.24872572,  0.14061934,  0.15483386]
  - [  0.00000000,  0.00000000,  0.00000000,  1.00000000]
  camera_model: pinhole
  distortion_coeffs: [ -0.20016700,  0.16097300,  0.00039200, -0.00092100,  0.00000000]
  distortion_model: plumb_bob
  intrinsics: [2174.55148200,2172.55663800,959.19672800,613.07115500]
  resolution: [1920,1200]
cam1:
  T_cam_body:
  - [  0.22477033, -0.97401528,  0.02779443,  0.10124432]
  - [  0.16003898,  0.00876467, -0.98707178,  0.17296377]
  - [  0.96117939,  0.22631264,  0.15785045, -0.43617417]
  - [  0.00000000,  0.00000000,  0.00000000,  1.00000000]
  camera_model: pinhole
  distortion_coeffs: [ -0.20596600,  0.18770000, -0.00040500, -0.00052700,  0.00000000]
  distortion_model: plumb_bob
  intrinsics: [2175.13780800,2172.98911900,952.79468600,602.94764200]
  resolution: [1900,1200]
cam2:
  T_cam_body:
  - [  0.15834618, -0.98732252, -0.01098762,  0.17029387]
  - [ -0.17794925, -0.01759006, -0.98388244,  2.32230238]
  - [  0.97121602,  0.15774926, -0.17847862,  0.03413035]
  - [  0.00000000,  0.00000000,  0.00000000,  1.00000000]
  camera_model: pinhole
  distortion_coeffs: [ -0.18906700,  0.12491500,  0.00004300,  0.00029600,  0.00000000]
  distortion_model: plumb_bob
  intrinsics: [2168.75828100,2166.97968700,990.68865100,583.91409000]
  resolution: [1900,1200]
cam3:
  T_cam_body:
  - [ -0.22647121, -0.97401029, -0.00383980,  2.21331237]
  - [ -0.18057759,  0.04586008, -0.98249101,  2.20933489]
  - [  0.95713245, -0.22181254, -0.18627042,  0.54423769]
  - [  0.00000000,  0.00000000,  0.00000000,  1.00000000]
  camera_model: pinhole
  distortion_coeffs: [ -0.20373500,  0.17155500,  0.00030800,  0.00170700,  0.00000000]
  distortion_model: plumb_bob
  intrinsics: [2173.86677800,2171.87626100,976.88097600,604.27685400]
  resolution: [1900,1200]
cam4:
  T_cam_body:
  - [  0.22224452,  0.97425754, -0.03781028, -1.36569759]
  - [ -0.13366835, -0.00796782, -0.99099409,  1.00305989]
  - [ -0.96578473,  0.22529704,  0.12845659,  5.39612608]
  - [  0.00000000,  0.00000000,  0.00000000,  1.00000000]
  camera_model: pinhole
  distortion_coeffs: [ -0.19907400,  0.17018000,  0.00010400, -0.00099100,  0.00000000]
  distortion_model: plumb_bob
  intrinsics: [2167.49490200,2165.56980200,940.89474900,612.57647900]
  resolution: [1900,1200]
cam5:
  T_cam_body:
  - [ -0.29644070,  0.95505109,  0.00057082, -0.33947051]
  - [ -0.16831643, -0.05165581, -0.98437861,  1.28801174]
  - [ -0.94010238, -0.29190597,  0.17606368,  5.88388024]
  - [  0.00000000,  0.00000000,  0.00000000,  1.00000000]
  camera_model: pinhole
  distortion_coeffs: [ -0.20440700,  0.17692000, -0.00025400, -0.00018900,  0.00000000]
  distortion_model: plumb_bob
  intrinsics: [2169.53280200,2167.61894400,958.79047800,602.89947900]
  resolution: [1900,1200]
cam6:
  T_cam_body:
  - [ -0.16955529,  0.98517093, -0.02625359, -1.00765881]
  - [  0.18625736,  0.00587432, -0.98248343,  1.16276905]
  - [ -0.96775989, -0.17147518, -0.18449136,  6.26632601]
  - [  0.00000000,  0.00000000,  0.00000000,  1.00000000]
  camera_model: pinhole
  distortion_coeffs: [ -0.19957400,  0.16977500, -0.00008300, -0.00020300,  0.00000000]
  distortion_model: plumb_bob
  intrinsics: [2174.42781900,2172.57924300,956.85045600,596.94859000]
  resolution: [1900,1200]
cam7:
  T_cam_body:
  - [  0.30271225,  0.95299821, -0.01263718, -1.85605521]
  - [  0.15455485, -0.06216826, -0.98602632,  1.43153053]
  - [ -0.94046695,  0.29652911, -0.16610959,  5.63560610]
  - [  0.00000000,  0.00000000,  0.00000000,  1.00000000]
  camera_model: pinhole
  distortion_coeffs: [ -0.19961400,  0.16420700, -0.00003500,  0.00040600,  0.00000000]
  distortion_model: plumb_bob
  intrinsics: [2174.75669700,2173.42025700,960.91814700,599.51184600]
  resolution: [1900,1200]
