cam0:
  T_cam_body:
  - [ -0.25720550, -0.96503396,  0.05054493,  2.19161210]
  - [  0.12326922, -0.08464176, -0.98875703,  0.35474103]
  - [  0.95846233, -0.24808312,  0.14072931,  0.15315361]
  - [  0.00000000,  0.00000000,  0.00000000,  1.00000000]
  camera_model: pinhole
  distortion_coeffs: [ -0.20016700,  0.16097300,  0.00039200, -0.00092100,  0.00000000]
  distortion_model: plumb_bob
  intrinsics: [2174.55148200,2172.55663800,959.19672800,613.07115500]
  resolution: [1920,1200]
cam1:
  T_cam_body:
  - [  0.22436847, -0.97409889,  0.02810942,  0.10109588]
  - [  0.16017343,  0.00841021, -0.98705306,  0.17270118]
  - [  0.96125089,  0.22596596,  0.15791175, -0.43647852]
  - [  0.00000000,  0.00000000,  0.00000000,  1.00000000]
  camera_model: pinhole
  distortion_coeffs: [ -0.20596600,  0.18770000, -0.00040500, -0.00052700,  0.00000000]
  distortion_model: plumb_bob
  intrinsics: [2175.13780800,2172.98911900,952.79468600,602.94764200]
  resolution: [1900,1200]
cam2:
  T_cam_body:
  - [  0.15818861, -0.98734709, -0.01104933,  0.17027897]
  - [ -0.17756591, -0.01743750, -0.98395441,  2.32238465]
  - [  0.97131185,  0.15761236, -0.17807760,  0.03333281]
  - [  0.00000000,  0.00000000,  0.00000000,  1.00000000]
  camera_model: pinhole
  distortion_coeffs: [ -0.18906700,  0.12491500,  0.00004300,  0.00029600,  0.00000000]
  distortion_model: plumb_bob
  intrinsics: [2168.75828100,2166.97968700,990.68865100,583.91409000]
  resolution: [1900,1200]
cam3:
  T_cam_body:
  - [ -0.22642348, -0.97402397, -0.00311677,  2.21181388]
  - [ -0.18061603,  0.04513030, -0.98251774,  2.21111538]
  - [  0.95713649, -0.22190214, -0.18614290,  0.54386343]
  - [  0.00000000,  0.00000000,  0.00000000,  1.00000000]
  camera_model: pinhole
  distortion_coeffs: [ -0.20373500,  0.17155500,  0.00030800,  0.00170700,  0.00000000]
  distortion_model: plumb_bob
  intrinsics: [2173.86677800,2171.87626100,976.88097600,604.27685400]
  resolution: [1900,1200]
cam4:
  T_cam_body:
  - [  0.22159960,  0.97440304, -0.03784611, -1.36285300]
  - [ -0.13372434, -0.00807847, -0.99098564,  1.00365210]
  - [ -0.96592516,  0.22466296,  0.12851122,  5.39602692]
  - [  0.00000000,  0.00000000,  0.00000000,  1.00000000]
  camera_model: pinhole
  distortion_coeffs: [ -0.19907400,  0.17018000,  0.00010400, -0.00099100,  0.00000000]
  distortion_model: plumb_bob
  intrinsics: [2167.49490200,2165.56980200,940.89474900,612.57647900]
  resolution: [1900,1200]
cam5:
  T_cam_body:
  - [ -0.29614041,  0.95514431,  0.00045362, -0.34198705]
  - [ -0.16827101, -0.05170456, -0.98438382,  1.28831896]
  - [ -0.94020515, -0.29159216,  0.17603491,  5.88345340]
  - [  0.00000000,  0.00000000,  0.00000000,  1.00000000]
  camera_model: pinhole
  distortion_coeffs: [ -0.20440700,  0.17692000, -0.00025400, -0.00018900,  0.00000000]
  distortion_model: plumb_bob
  intrinsics: [2169.53280200,2167.61894400,958.79047800,602.89947900]
  resolution: [1900,1200]
cam6:
  T_cam_body:
  - [ -0.16946486,  0.98518839, -0.02618212, -1.00749946]
  - [  0.18631694,  0.00593895, -0.98247174,  1.16178137]
  - [ -0.96776426, -0.17137261, -0.18456373,  6.26567969]
  - [  0.00000000,  0.00000000,  0.00000000,  1.00000000]
  camera_model: pinhole
  distortion_coeffs: [ -0.19957400,  0.16977500, -0.00008300, -0.00020300,  0.00000000]
  distortion_model: plumb_bob
  intrinsics: [2174.42781900,2172.57924300,956.85045600,596.94859000]
  resolution: [1900,1200]
cam7:
  T_cam_body:
  - [  0.30268306,  0.95300309, -0.01296435, -1.85527702]
  - [  0.15441080, -0.06245602, -0.98603071,  1.43250352]
  - [ -0.94050001,  0.29645296, -0.16605834,  5.63516579]
  - [  0.00000000,  0.00000000,  0.00000000,  1.00000000]
  camera_model: pinhole
  distortion_coeffs: [ -0.19961400,  0.16420700, -0.00003500,  0.00040600,  0.00000000]
  distortion_model: plumb_bob
  intrinsics: [2174.75669700,2173.42025700,960.91814700,599.51184600]
  resolution: [1900,1200]
