cam0:
  T_cam_body:
  - [ -0.25788629, -0.96484758,  0.05063404,  2.19085622]
  - [  0.12332773, -0.08485073, -0.98873183,  0.35371221]
  - [  0.95827185, -0.24873580,  0.14087430,  0.15439989]
  - [  0.00000000,  0.00000000,  0.00000000,  1.00000000]
  camera_model: pinhole
  distortion_coeffs: [ -0.20016700,  0.16097300,  0.00039200, -0.00092100,  0.00000000]
  distortion_model: plumb_bob
  intrinsics: [2174.55148200,2172.55663800,959.19672800,613.07115500]
  resolution: [1920,1200]
cam1:
  T_cam_body:
  - [  0.22483594, -0.97399276,  0.02805168,  0.10088804]
  - [  0.16020866,  0.00855486, -0.98704610,  0.17232512]
  - [  0.96113578,  0.22641756,  0.15796552, -0.43651744]
  - [  0.00000000,  0.00000000,  0.00000000,  1.00000000]
  camera_model: pinhole
  distortion_coeffs: [ -0.20596600,  0.18770000, -0.00040500, -0.00052700,  0.00000000]
  distortion_model: plumb_bob
  intrinsics: [2175.13780800,2172.98911900,952.79468600,602.94764200]
  resolution: [1900,1200]
cam2:
  T_cam_body:
  - [  0.15814112, -0.98735752, -0.01079430,  0.17061055]
  - [ -0.17739912, -0.01765593, -0.98398060,  2.32095513]
  - [  0.97135006,  0.15752269, -0.17794848,  0.03277322]
  - [  0.00000000,  0.00000000,  0.00000000,  1.00000000]
  camera_model: pinhole
  distortion_coeffs: [ -0.18906700,  0.12491500,  0.00004300,  0.00029600,  0.00000000]
  distortion_model: plumb_bob
  intrinsics: [2168.75828100,2166.97968700,990.68865100,583.91409000]
  resolution: [1900,1200]
cam3:
  T_cam_body:
  - [ -0.22645749, -0.97401449, -0.00357327,  2.21283565]
  - [ -0.18027825,  0.04551916, -0.98256183,  2.20926676]
  - [  0.95719212, -0.22186431, -0.18590178,  0.54325725]
  - [  0.00000000,  0.00000000,  0.00000000,  1.00000000]
  camera_model: pinhole
  distortion_coeffs: [ -0.20373500,  0.17155500,  0.00030800,  0.00170700,  0.00000000]
  distortion_model: plumb_bob
  intrinsics: [2173.86677800,2171.87626100,976.88097600,604.27685400]
  resolution: [1900,1200]
cam4:
  T_cam_body:
  - [  0.22170552,  0.97438026, -0.03781238, -1.36595404]
  - [ -0.13465234, -0.00781387, -0.99086210,  1.00317236]
  - [ -0.96577193,  0.22477112,  0.12947020,  5.39320961]
  - [  0.00000000,  0.00000000,  0.00000000,  1.00000000]
  camera_model: pinhole
  distortion_coeffs: [ -0.19907400,  0.17018000,  0.00010400, -0.00099100,  0.00000000]
  distortion_model: plumb_bob
  intrinsics: [2167.49490200,2165.56980200,940.89474900,612.57647900]
  resolution: [1900,1200]
cam5:
  T_cam_body:
  - [ -0.29619456,  0.95512743,  0.00060983, -0.34005656]
  - [ -0.16841284, -0.05159800, -0.98436516,  1.28786135]
  - [ -0.94016270, -0.29166631,  0.17613877,  5.88258295]
  - [  0.00000000,  0.00000000,  0.00000000,  1.00000000]
  camera_model: pinhole
  distortion_coeffs: [ -0.20440700,  0.17692000, -0.00025400, -0.00018900,  0.00000000]
  distortion_model: plumb_bob
  intrinsics: [2169.53280200,2167.61894400,958.79047800,602.89947900]
  resolution: [1900,1200]
cam6:
  T_cam_body:
  - [ -0.16943488,  0.98519330, -0.02619117, -1.00788368]
  - [  0.18605142,  0.00587721, -0.98252243,  1.16310873]
  - [ -0.96782059, -0.17134648, -0.18429242,  6.26531213]
  - [  0.00000000,  0.00000000,  0.00000000,  1.00000000]
  camera_model: pinhole
  distortion_coeffs: [ -0.19957400,  0.16977500, -0.00008300, -0.00020300,  0.00000000]
  distortion_model: plumb_bob
  intrinsics: [2174.42781900,2172.57924300,956.85045600,596.94859000]
  resolution: [1900,1200]
cam7:
  T_cam_body:
  - [  0.30295111,  0.95291641, -0.01307445, -1.85544327]
  - [  0.15370579, -0.06239649, -0.98614462,  1.43276959]
  - [ -0.94052919,  0.29674399, -0.16537185,  5.63421228]
  - [  0.00000000,  0.00000000,  0.00000000,  1.00000000]
  camera_model: pinhole
  distortion_coeffs: [ -0.19961400,  0.16420700, -0.00003500,  0.00040600,  0.00000000]
  distortion_model: plumb_bob
  intrinsics: [2174.75669700,2173.42025700,960.91814700,599.51184600]
  resolution: [1900,1200]
