cam0:
  T_cam_body:
  - [ -0.25707169, -0.96505906,  0.05074602,  2.19126272]
  - [  0.12359549, -0.08491205, -0.98869313,  0.35383634]
  - [  0.95845621, -0.24789303,  0.14110543,  0.15194388]
  - [  0.00000000,  0.00000000,  0.00000000,  1.00000000]
  camera_model: pinhole
  distortion_coeffs: [ -0.20016700,  0.16097300,  0.00039200, -0.00092100,  0.00000000]
  distortion_model: plumb_bob
  intrinsics: [2174.55148200,2172.55663800,959.19672800,613.07115500]
  resolution: [1920,1200]
cam1:
  T_cam_body:
  - [  0.22450894, -0.97406025,  0.02832603,  0.10027574]
  - [  0.16032046,  0.00824869, -0.98703055,  0.17241567]
  - [  0.96119357,  0.22613842,  0.15801370, -0.43747661]
  - [  0.00000000,  0.00000000,  0.00000000,  1.00000000]
  camera_model: pinhole
  distortion_coeffs: [ -0.20596600,  0.18770000, -0.00040500, -0.00052700,  0.00000000]
  distortion_model: plumb_bob
  intrinsics: [2175.13780800,2172.98911900,952.79468600,602.94764200]
  resolution: [1900,1200]
cam2:
  T_cam_body:
  - [  0.15835135, -0.98732269, -0.01089736,  0.16962672]
  - [ -0.17735419, -0.01758430, -0.98398998,  2.32206038]
  - [  0.97132402,  0.15774884, -0.17789031,  0.03148404]
  - [  0.00000000,  0.00000000,  0.00000000,  1.00000000]
  camera_model: pinhole
  distortion_coeffs: [ -0.18906700,  0.12491500,  0.00004300,  0.00029600,  0.00000000]
  distortion_model: plumb_bob
  intrinsics: [2168.75828100,2166.97968700,990.68865100,583.91409000]
  resolution: [1900,1200]
cam3:
  T_cam_body:
  - [ -0.22642765, -0.97402203, -0.00340660,  2.21267634]
  - [ -0.18033363,  0.04535801, -0.98255912,  2.20950058]
  - [  0.95718875, -0.22186422, -0.18591923,  0.54280946]
  - [  0.00000000,  0.00000000,  0.00000000,  1.00000000]
  camera_model: pinhole
  distortion_coeffs: [ -0.20373500,  0.17155500,  0.00030800,  0.00170700,  0.00000000]
  distortion_model: plumb_bob
  intrinsics: [2173.86677800,2171.87626100,976.88097600,604.27685400]
  resolution: [1900,1200]
cam4:
  T_cam_body:
  - [  0.22112558,  0.97451230, -0.03780545, -1.36279065]
  - [ -0.13479779, -0.00785212, -0.99084202,  1.00381151]
  - [ -0.96588459,  0.22419660,  0.12962580,  5.39308354]
  - [  0.00000000,  0.00000000,  0.00000000,  1.00000000]
  camera_model: pinhole
  distortion_coeffs: [ -0.19907400,  0.17018000,  0.00010400, -0.00099100,  0.00000000]
  distortion_model: plumb_bob
  intrinsics: [2167.49490200,2165.56980200,940.89474900,612.57647900]
  resolution: [1900,1200]
cam5:
  T_cam_body:
  - [ -0.29564897,  0.95529650,  0.00053046, -0.34303651]
  - [ -0.16844411, -0.05158416, -0.98436053,  1.28818522]
  - [ -0.94032881, -0.29111453,  0.17616487,  5.88171904]
  - [  0.00000000,  0.00000000,  0.00000000,  1.00000000]
  camera_model: pinhole
  distortion_coeffs: [ -0.20440700,  0.17692000, -0.00025400, -0.00018900,  0.00000000]
  distortion_model: plumb_bob
  intrinsics: [2169.53280200,2167.61894400,958.79047800,602.89947900]
  resolution: [1900,1200]
cam6:
  T_cam_body:
  - [ -0.16946157,  0.98518687, -0.02626049, -1.00736863]
  - [  0.18594997,  0.00579518, -0.98254212,  1.16376825]
  - [ -0.96783541, -0.17138627, -0.18417753,  6.26484425]
  - [  0.00000000,  0.00000000,  0.00000000,  1.00000000]
  camera_model: pinhole
  distortion_coeffs: [ -0.19957400,  0.16977500, -0.00008300, -0.00020300,  0.00000000]
  distortion_model: plumb_bob
  intrinsics: [2174.42781900,2172.57924300,956.85045600,596.94859000]
  resolution: [1900,1200]
cam7:
  T_cam_body:
  - [  0.30289985,  0.95293368, -0.01300319, -1.85527306]
  - [  0.15365561, -0.06229759, -0.98615869,  1.43258201]
  - [ -0.94055390,  0.29670930, -0.16529353,  5.63409335]
  - [  0.00000000,  0.00000000,  0.00000000,  1.00000000]
  camera_model: pinhole
  distortion_coeffs: [ -0.19961400,  0.16420700, -0.00003500,  0.00040600,  0.00000000]
  distortion_model: plumb_bob
  intrinsics: [2174.75669700,2173.42025700,960.91814700,599.51184600]
  resolution: [1900,1200]
