cam0:
  T_cam_body:
  - [ -0.25774320, -0.96487752,  0.05079184,  2.19071984]
  - [  0.12311222, -0.08493497, -0.98875145,  0.35514430]
  - [  0.95833805, -0.24859087,  0.14067962,  0.15465346]
  - [  0.00000000,  0.00000000,  0.00000000,  1.00000000]
  camera_model: pinhole
  distortion_coeffs: [ -0.20016700,  0.16097300,  0.00039200, -0.00092100,  0.00000000]
  distortion_model: plumb_bob
  intrinsics: [2174.55148200,2172.55663800,959.19672800,613.07115500]
  resolution: [1920,1200]
cam1:
  T_cam_body:
  - [  0.22473365, -0.97401706,  0.02802759,  0.10091325]
  - [  0.16011346,  0.00853981, -0.98706167,  0.17287756]
  - [  0.96117556,  0.22631357,  0.15787243, -0.43601368]
  - [  0.00000000,  0.00000000,  0.00000000,  1.00000000]
  camera_model: pinhole
  distortion_coeffs: [ -0.20596600,  0.18770000, -0.00040500, -0.00052700,  0.00000000]
  distortion_model: plumb_bob
  intrinsics: [2175.13780800,2172.98911900,952.79468600,602.94764200]
  resolution: [1900,1200]
cam2:
  T_cam_body:
  - [  0.15890242, -0.98723667, -0.01066672,  0.16632416]
  - [ -0.17893920, -0.01817305, -0.98369228,  2.32904982]
  - [  0.97094324,  0.15821978, -0.17954308,  0.03836647]
  - [  0.00000000,  0.00000000,  0.00000000,  1.00000000]
  camera_model: pinhole
  distortion_coeffs: [ -0.18906700,  0.12491500,  0.00004300,  0.00029600,  0.00000000]
  distortion_model: plumb_bob
  intrinsics: [2168.75828100,2166.97968700,990.68865100,583.91409000]
  resolution: [1900,1200]
cam3:
  T_cam_body:
  - [ -0.22636369, -0.97403541, -0.00380776,  2.21286997]
  - [ -0.18061957,  0.04581639, -0.98248533,  2.20935618]
  - [  0.95714996, -0.22171124, -0.18630103,  0.54432466]
  - [  0.00000000,  0.00000000,  0.00000000,  1.00000000]
  camera_model: pinhole
  distortion_coeffs: [ -0.20373500,  0.17155500,  0.00030800,  0.00170700,  0.00000000]
  distortion_model: plumb_bob
  intrinsics: [2173.86677800,2171.87626100,976.88097600,604.27685400]
  resolution: [1900,1200]
cam4:
  T_cam_body:
  - [  0.22217033,  0.97427380, -0.03782739, -1.36541849]
  - [ -0.13385070, -0.00795274, -0.99096960,  1.00309344]
  - [ -0.96577655,  0.22522726,  0.12864037,  5.39541530]
  - [  0.00000000,  0.00000000,  0.00000000,  1.00000000]
  camera_model: pinhole
  distortion_coeffs: [ -0.19907400,  0.17018000,  0.00010400, -0.00099100,  0.00000000]
  distortion_model: plumb_bob
  intrinsics: [2167.49490200,2165.56980200,940.89474900,612.57647900]
  resolution: [1900,1200]
cam5:
  T_cam_body:
  - [ -0.29625918,  0.95510740,  0.00058731, -0.33976735]
  - [ -0.16828288, -0.05159336, -0.98438763,  1.28804064]
  - [ -0.94016561, -0.29173271,  0.17601323,  5.88334403]
  - [  0.00000000,  0.00000000,  0.00000000,  1.00000000]
  camera_model: pinhole
  distortion_coeffs: [ -0.20440700,  0.17692000, -0.00025400, -0.00018900,  0.00000000]
  distortion_model: plumb_bob
  intrinsics: [2169.53280200,2167.61894400,958.79047800,602.89947900]
  resolution: [1900,1200]
cam6:
  T_cam_body:
  - [ -0.16940102,  0.98519914, -0.02619073, -1.00769422]
  - [  0.18639030,  0.00593120, -0.98245787,  1.16281024]
  - [ -0.96776131, -0.17131106, -0.18463632,  6.26590798]
  - [  0.00000000,  0.00000000,  0.00000000,  1.00000000]
  camera_model: pinhole
  distortion_coeffs: [ -0.19957400,  0.16977500, -0.00008300, -0.00020300,  0.00000000]
  distortion_model: plumb_bob
  intrinsics: [2174.42781900,2172.57924300,956.85045600,596.94859000]
  resolution: [1900,1200]
cam7:
  T_cam_body:
  - [  0.30284760,  0.95295097, -0.01295326, -1.85523013]
  - [  0.15428666, -0.06243545, -0.98605144,  1.43217961]
  - [ -0.94046741,  0.29662480, -0.16593605,  5.63502912]
  - [  0.00000000,  0.00000000,  0.00000000,  1.00000000]
  camera_model: pinhole
  distortion_coeffs: [ -0.19961400,  0.16420700, -0.00003500,  0.00040600,  0.00000000]
  distortion_model: plumb_bob
  intrinsics: [2174.75669700,2173.42025700,960.91814700,599.51184600]
  resolution: [1900,1200]
