cam0:
  T_cam_body:
  - [ -0.25742793, -0.96496198,  0.05078627,  2.19125085]
  - [  0.12342110, -0.08496186, -0.98871063,  0.35423346]
  - [  0.95838306, -0.24825364,  0.14096823,  0.15386839]
  - [  0.00000000,  0.00000000,  0.00000000,  1.00000000]
  camera_model: pinhole
  distortion_coeffs: [ -0.20016700,  0.16097300,  0.00039200, -0.00092100,  0.00000000]
  distortion_model: plumb_bob
  intrinsics: [2174.55148200,2172.55663800,959.19672800,613.07115500]
  resolution: [1920,1200]
cam1:
  T_cam_body:
  - [  0.22441249, -0.97408464,  0.02825141,  0.10108501]
  - [  0.16031138,  0.00830610, -0.98703155,  0.17227055]
  - [  0.96121761,  0.22603123,  0.15802084, -0.43616308]
  - [  0.00000000,  0.00000000,  0.00000000,  1.00000000]
  camera_model: pinhole
  distortion_coeffs: [ -0.20596600,  0.18770000, -0.00040500, -0.00052700,  0.00000000]
  distortion_model: plumb_bob
  intrinsics: [2175.13780800,2172.98911900,952.79468600,602.94764200]
  resolution: [1900,1200]
cam2:
  T_cam_body:
  - [  0.15814549, -0.98735608, -0.01086133,  0.17067479]
  - [ -0.17753411, -0.01761182, -0.98395704,  2.32214559]
  - [  0.97132469,  0.15753662, -0.17807461,  0.03365394]
  - [  0.00000000,  0.00000000,  0.00000000,  1.00000000]
  camera_model: pinhole
  distortion_coeffs: [ -0.18906700,  0.12491500,  0.00004300,  0.00029600,  0.00000000]
  distortion_model: plumb_bob
  intrinsics: [2168.75828100,2166.97968700,990.68865100,583.91409000]
  resolution: [1900,1200]
cam3:
  T_cam_body:
  - [ -0.22641532, -0.97402583, -0.00312860,  2.21151955]
  - [ -0.18053727,  0.04512238, -0.98253258,  2.21050750]
  - [  0.95715328, -0.22189560, -0.18606436,  0.54405097]
  - [  0.00000000,  0.00000000,  0.00000000,  1.00000000]
  camera_model: pinhole
  distortion_coeffs: [ -0.20373500,  0.17155500,  0.00030800,  0.00170700,  0.00000000]
  distortion_model: plumb_bob
  intrinsics: [2173.86677800,2171.87626100,976.88097600,604.27685400]
  resolution: [1900,1200]
cam4:
  T_cam_body:
  - [  0.22130609,  0.97447617, -0.03768033, -1.36372535]
  - [ -0.13467122, -0.00772967, -0.99086019,  1.00317607]
  - [ -0.96586090,  0.22435785,  0.12952327,  5.39423894]
  - [  0.00000000,  0.00000000,  0.00000000,  1.00000000]
  camera_model: pinhole
  distortion_coeffs: [ -0.19907400,  0.17018000,  0.00010400, -0.00099100,  0.00000000]
  distortion_model: plumb_bob
  intrinsics: [2167.49490200,2165.56980200,940.89474900,612.57647900]
  resolution: [1900,1200]
cam5:
  T_cam_body:
  - [ -0.29600047,  0.95518758,  0.00064069, -0.34152466]
  - [ -0.16844407, -0.05153841, -0.98436293,  1.28814738]
  - [ -0.94021823, -0.29147981,  0.17615108,  5.88259778]
  - [  0.00000000,  0.00000000,  0.00000000,  1.00000000]
  camera_model: pinhole
  distortion_coeffs: [ -0.20440700,  0.17692000, -0.00025400, -0.00018900,  0.00000000]
  distortion_model: plumb_bob
  intrinsics: [2169.53280200,2167.61894400,958.79047800,602.89947900]
  resolution: [1900,1200]
cam6:
  T_cam_body:
  - [ -0.16953008,  0.98517809, -0.02614718, -1.00743864]
  - [  0.18628841,  0.00598114, -0.98247690,  1.16150488]
  - [ -0.96775833, -0.17143031, -0.18454124,  6.26578534]
  - [  0.00000000,  0.00000000,  0.00000000,  1.00000000]
  camera_model: pinhole
  distortion_coeffs: [ -0.19957400,  0.16977500, -0.00008300, -0.00020300,  0.00000000]
  distortion_model: plumb_bob
  intrinsics: [2174.42781900,2172.57924300,956.85045600,596.94859000]
  resolution: [1900,1200]
cam7:
  T_cam_body:
  - [  0.30277914,  0.95297230, -0.01298371, -1.85515633]
  - [  0.15385632, -0.06231877, -0.98612606,  1.43250464]
  - [ -0.94055995,  0.29658078, -0.16548964,  5.63485028]
  - [  0.00000000,  0.00000000,  0.00000000,  1.00000000]
  camera_model: pinhole
  distortion_coeffs: [ -0.19961400,  0.16420700, -0.00003500,  0.00040600,  0.00000000]
  distortion_model: plumb_bob
  intrinsics: [2174.75669700,2173.42025700,960.91814700,599.51184600]
  resolution: [1900,1200]
