cam0:
  T_cam_body:
  - [ -0.25688815, -0.96514657,  0.05000570,  2.19140601]
  - [  0.12385709, -0.08419358, -0.98872183,  0.35294059]
  - [  0.95847165, -0.24779736,  0.14116858,  0.15138695]
  - [  0.00000000,  0.00000000,  0.00000000,  1.00000000]
  camera_model: pinhole
  distortion_coeffs: [ -0.20016700,  0.16097300,  0.00039200, -0.00092100,  0.00000000]
  distortion_model: plumb_bob
  intrinsics: [2174.55148200,2172.55663800,959.19672800,613.07115500]
  resolution: [1920,1200]
cam1:
  T_cam_body:
  - [  0.22440552, -0.97410011,  0.02776938,  0.10091835]
  - [  0.16004931,  0.00873177, -0.98707040,  0.17285965]
  - [  0.96126291,  0.22594852,  0.15786351, -0.43713517]
  - [  0.00000000,  0.00000000,  0.00000000,  1.00000000]
  camera_model: pinhole
  distortion_coeffs: [ -0.20596600,  0.18770000, -0.00040500, -0.00052700,  0.00000000]
  distortion_model: plumb_bob
  intrinsics: [2175.13780800,2172.98911900,952.79468600,602.94764200]
  resolution: [1900,1200]
cam2:
  T_cam_body:
  - [  0.15783074, -0.98740030, -0.01140597,  0.17162281]
  - [ -0.17726147, -0.01696742, -0.98401752,  2.32213769]
  - [  0.97142567,  0.15733005, -0.17770601,  0.03136039]
  - [  0.00000000,  0.00000000,  0.00000000,  1.00000000]
  camera_model: pinhole
  distortion_coeffs: [ -0.18906700,  0.12491500,  0.00004300,  0.00029600,  0.00000000]
  distortion_model: plumb_bob
  intrinsics: [2168.75828100,2166.97968700,990.68865100,583.91409000]
  resolution: [1900,1200]
cam3:
  T_cam_body:
  - [ -0.22632876, -0.97404360, -0.00378973,  2.21316962]
  - [ -0.18020345,  0.04569497, -0.98256739,  2.20931966]
  - [  0.95723665, -0.22170034, -0.18586811,  0.54230580]
  - [  0.00000000,  0.00000000,  0.00000000,  1.00000000]
  camera_model: pinhole
  distortion_coeffs: [ -0.20373500,  0.17155500,  0.00030800,  0.00170700,  0.00000000]
  distortion_model: plumb_bob
  intrinsics: [2173.86677800,2171.87626100,976.88097600,604.27685400]
  resolution: [1900,1200]
cam4:
  T_cam_body:
  - [  0.22126885,  0.97447077, -0.03803709, -1.35950602]
  - [ -0.13431056, -0.00818128, -0.99090551,  1.00585817]
  - [ -0.96591965,  0.22436530,  0.12907146,  5.39467548]
  - [  0.00000000,  0.00000000,  0.00000000,  1.00000000]
  camera_model: pinhole
  distortion_coeffs: [ -0.19907400,  0.17018000,  0.00010400, -0.00099100,  0.00000000]
  distortion_model: plumb_bob
  intrinsics: [2167.49490200,2165.56980200,940.89474900,612.57647900]
  resolution: [1900,1200]
cam5:
  T_cam_body:
  - [ -0.29530578,  0.95540270,  0.00041934, -0.34717481]
  - [ -0.16841100, -0.05162217, -0.98436420,  1.28827257]
  - [ -0.94044257, -0.29075906,  0.17614465,  5.88200737]
  - [  0.00000000,  0.00000000,  0.00000000,  1.00000000]
  camera_model: pinhole
  distortion_coeffs: [ -0.20440700,  0.17692000, -0.00025400, -0.00018900,  0.00000000]
  distortion_model: plumb_bob
  intrinsics: [2169.53280200,2167.61894400,958.79047800,602.89947900]
  resolution: [1900,1200]
cam6:
  T_cam_body:
  - [ -0.16950899,  0.98517734, -0.02631183, -1.00696185]
  - [  0.18595874,  0.00575453, -0.98254070,  1.16439900]
  - [ -0.96782542, -0.17144239, -0.18417778,  6.26438488]
  - [  0.00000000,  0.00000000,  0.00000000,  1.00000000]
  camera_model: pinhole
  distortion_coeffs: [ -0.19957400,  0.16977500, -0.00008300, -0.00020300,  0.00000000]
  distortion_model: plumb_bob
  intrinsics: [2174.42781900,2172.57924300,956.85045600,596.94859000]
  resolution: [1900,1200]
cam7:
  T_cam_body:
  - [  0.30295296,  0.95291497, -0.01313617, -1.85525022]
  - [  0.15400547, -0.06255525, -0.98608780,  1.43337100]
  - [ -0.94047957,  0.29671518, -0.16570541,  5.63318108]
  - [  0.00000000,  0.00000000,  0.00000000,  1.00000000]
  camera_model: pinhole
  distortion_coeffs: [ -0.19961400,  0.16420700, -0.00003500,  0.00040600,  0.00000000]
  distortion_model: plumb_bob
  intrinsics: [2174.75669700,2173.42025700,960.91814700,599.51184600]
  resolution: [1900,1200]
