cam0:
  T_cam_body:
  - [ -0.25721719, -0.96502109,  0.05073079,  2.19099519]
  - [  0.12321465, -0.08481983, -0.98874858,  0.35505548]
  - [  0.95846621, -0.24807235,  0.14072185,  0.15314946]
  - [  0.00000000,  0.00000000,  0.00000000,  1.00000000]
  camera_model: pinhole
  distortion_coeffs: [ -0.20016700,  0.16097300,  0.00039200, -0.00092100,  0.00000000]
  distortion_model: plumb_bob
  intrinsics: [2174.55148200,2172.55663800,959.19672800,613.07115500]
  resolution: [1920,1200]
cam1:
  T_cam_body:
  - [  0.22454684, -0.97405990,  0.02803634,  0.10091630]
  - [  0.16008058,  0.00849212, -0.98706742,  0.17299238]
  - [  0.96122470,  0.22613094,  0.15783495, -0.43643503]
  - [  0.00000000,  0.00000000,  0.00000000,  1.00000000]
  camera_model: pinhole
  distortion_coeffs: [ -0.20596600,  0.18770000, -0.00040500, -0.00052700,  0.00000000]
  distortion_model: plumb_bob
  intrinsics: [2175.13780800,2172.98911900,952.79468600,602.94764200]
  resolution: [1900,1200]
cam2:
  T_cam_body:
  - [  0.15866517, -0.98727283, -0.01084983,  0.16693722]
  - [ -0.17857907, -0.01788829, -0.98376294,  2.32885204]
  - [  0.97104834,  0.15802647, -0.17914451,  0.03671194]
  - [  0.00000000,  0.00000000,  0.00000000,  1.00000000]
  camera_model: pinhole
  distortion_coeffs: [ -0.18906700,  0.12491500,  0.00004300,  0.00029600,  0.00000000]
  distortion_model: plumb_bob
  intrinsics: [2168.75828100,2166.97968700,990.68865100,583.91409000]
  resolution: [1900,1200]
cam3:
  T_cam_body:
  - [ -0.22637814, -0.97403332, -0.00346768,  2.21258552]
  - [ -0.18062045,  0.04547639, -0.98250097,  2.21029204]
  - [  0.95714638, -0.22179041, -0.18622520,  0.54384947]
  - [  0.00000000,  0.00000000,  0.00000000,  1.00000000]
  camera_model: pinhole
  distortion_coeffs: [ -0.20373500,  0.17155500,  0.00030800,  0.00170700,  0.00000000]
  distortion_model: plumb_bob
  intrinsics: [2173.86677800,2171.87626100,976.88097600,604.27685400]
  resolution: [1900,1200]
cam4:
  T_cam_body:
  - [  0.22173090,  0.97437274, -0.03785730, -1.36334025]
  - [ -0.13384673, -0.00804360, -0.99096940,  1.00365049]
  - [ -0.96587808,  0.22479561,  0.12863309,  5.39539402]
  - [  0.00000000,  0.00000000,  0.00000000,  1.00000000]
  camera_model: pinhole
  distortion_coeffs: [ -0.19907400,  0.17018000,  0.00010400, -0.00099100,  0.00000000]
  distortion_model: plumb_bob
  intrinsics: [2167.49490200,2165.56980200,940.89474900,612.57647900]
  resolution: [1900,1200]
cam5:
  T_cam_body:
  - [ -0.29595934,  0.95520040,  0.00050921, -0.34227209]
  - [ -0.16824304, -0.05160366, -0.98439389,  1.28798744]
  - [ -0.94026717, -0.29142624,  0.17597841,  5.88289826]
  - [  0.00000000,  0.00000000,  0.00000000,  1.00000000]
  camera_model: pinhole
  distortion_coeffs: [ -0.20440700,  0.17692000, -0.00025400, -0.00018900,  0.00000000]
  distortion_model: plumb_bob
  intrinsics: [2169.53280200,2167.61894400,958.79047800,602.89947900]
  resolution: [1900,1200]
cam6:
  T_cam_body:
  - [ -0.16950358,  0.98517942, -0.02626858, -1.00720723]
  - [  0.18629580,  0.00585634, -0.98247625,  1.16333924]
  - [ -0.96776155, -0.17142697, -0.18452746,  6.26538710]
  - [  0.00000000,  0.00000000,  0.00000000,  1.00000000]
  camera_model: pinhole
  distortion_coeffs: [ -0.19957400,  0.16977500, -0.00008300, -0.00020300,  0.00000000]
  distortion_model: plumb_bob
  intrinsics: [2174.42781900,2172.57924300,956.85045600,596.94859000]
  resolution: [1900,1200]
cam7:
  T_cam_body:
  - [  0.30273894,  0.95298502, -0.01298775, -1.85517334]
  - [  0.15428203, -0.06244985, -0.98605125,  1.43246103]
  - [ -0.94050316,  0.29651233, -0.16593447,  5.63470851]
  - [  0.00000000,  0.00000000,  0.00000000,  1.00000000]
  camera_model: pinhole
  distortion_coeffs: [ -0.19961400,  0.16420700, -0.00003500,  0.00040600,  0.00000000]
  distortion_model: plumb_bob
  intrinsics: [2174.75669700,2173.42025700,960.91814700,599.51184600]
  resolution: [1900,1200]
