cam0:
  T_cam_body:
  - [ -0.25670818, -0.96515856,  0.05069388,  2.19155608]
  - [  0.12378049, -0.08485160, -0.98867517,  0.35386236]
  - [  0.95852976, -0.24752609,  0.14124990,  0.15194638]
  - [  0.00000000,  0.00000000,  0.00000000,  1.00000000]
  camera_model: pinhole
  distortion_coeffs: [ -0.20016700,  0.16097300,  0.00039200, -0.00092100,  0.00000000]
  distortion_model: plumb_bob
  intrinsics: [2174.55148200,2172.55663800,959.19672800,613.07115500]
  resolution: [1920,1200]
cam1:
  T_cam_body:
  - [  0.22405500, -0.97416436,  0.02833988,  0.10135296]
  - [  0.16031969,  0.00815887, -0.98703142,  0.17250357]
  - [  0.96129962,  0.22569277,  0.15800577, -0.43641141]
  - [  0.00000000,  0.00000000,  0.00000000,  1.00000000]
  camera_model: pinhole
  distortion_coeffs: [ -0.20596600,  0.18770000, -0.00040500, -0.00052700,  0.00000000]
  distortion_model: plumb_bob
  intrinsics: [2175.13780800,2172.98911900,952.79468600,602.94764200]
  resolution: [1900,1200]
cam2:
  T_cam_body:
  - [  0.15791876, -0.98739139, -0.01095001,  0.17082625]
  - [ -0.17716161, -0.01742169, -0.98402757,  2.32259646]
  - [  0.97142958,  0.15733633, -0.17767906,  0.03240553]
  - [  0.00000000,  0.00000000,  0.00000000,  1.00000000]
  camera_model: pinhole
  distortion_coeffs: [ -0.18906700,  0.12491500,  0.00004300,  0.00029600,  0.00000000]
  distortion_model: plumb_bob
  intrinsics: [2168.75828100,2166.97968700,990.68865100,583.91409000]
  resolution: [1900,1200]
cam3:
  T_cam_body:
  - [ -0.22633635, -0.97404324, -0.00341021,  2.21210514]
  - [ -0.18030138,  0.04533630, -0.98256604,  2.20995474]
  - [  0.95721642, -0.22177554, -0.18588259,  0.54314504]
  - [  0.00000000,  0.00000000,  0.00000000,  1.00000000]
  camera_model: pinhole
  distortion_coeffs: [ -0.20373500,  0.17155500,  0.00030800,  0.00170700,  0.00000000]
  distortion_model: plumb_bob
  intrinsics: [2173.86677800,2171.87626100,976.88097600,604.27685400]
  resolution: [1900,1200]
cam4:
  T_cam_body:
  - [  0.22068875,  0.97461188, -0.03779093, -1.36015512]
  - [ -0.13484372, -0.00788633, -0.99083549,  1.00452956]
  - [ -0.96597808,  0.22376212,  0.12967986,  5.39415650]
  - [  0.00000000,  0.00000000,  0.00000000,  1.00000000]
  camera_model: pinhole
  distortion_coeffs: [ -0.19907400,  0.17018000,  0.00010400, -0.00099100,  0.00000000]
  distortion_model: plumb_bob
  intrinsics: [2167.49490200,2165.56980200,940.89474900,612.57647900]
  resolution: [1900,1200]
cam5:
  T_cam_body:
  - [ -0.29542813,  0.95536481,  0.00054035, -0.34629942]
  - [ -0.16842308, -0.05152484, -0.98436724,  1.28807264]
  - [ -0.94040198, -0.29090078,  0.17612737,  5.88174534]
  - [  0.00000000,  0.00000000,  0.00000000,  1.00000000]
  camera_model: pinhole
  distortion_coeffs: [ -0.20440700,  0.17692000, -0.00025400, -0.00018900,  0.00000000]
  distortion_model: plumb_bob
  intrinsics: [2169.53280200,2167.61894400,958.79047800,602.89947900]
  resolution: [1900,1200]
cam6:
  T_cam_body:
  - [ -0.16963110,  0.98515603, -0.02632260, -1.00694029]
  - [  0.18596612,  0.00576828, -0.98253922,  1.16440457]
  - [ -0.96780261, -0.17156432, -0.18418413,  6.26471266]
  - [  0.00000000,  0.00000000,  0.00000000,  1.00000000]
  camera_model: pinhole
  distortion_coeffs: [ -0.19957400,  0.16977500, -0.00008300, -0.00020300,  0.00000000]
  distortion_model: plumb_bob
  intrinsics: [2174.42781900,2172.57924300,956.85045600,596.94859000]
  resolution: [1900,1200]
cam7:
  T_cam_body:
  - [  0.30270038,  0.95299612, -0.01307204, -1.85493518]
  - [  0.15365958, -0.06233381, -0.98615578,  1.43335872]
  - [ -0.94061746,  0.29650109, -0.16530545,  5.63401716]
  - [  0.00000000,  0.00000000,  0.00000000,  1.00000000]
  camera_model: pinhole
  distortion_coeffs: [ -0.19961400,  0.16420700, -0.00003500,  0.00040600,  0.00000000]
  distortion_model: plumb_bob
  intrinsics: [2174.75669700,2173.42025700,960.91814700,599.51184600]
  resolution: [1900,1200]
