cam0:
  T_cam_body:
  - [ -0.25697427, -0.96515304,  0.04943506,  2.19216316]
  - [  0.12540180, -0.08402155, -0.98854174,  0.35064331]
  - [  0.95824768, -0.24783055,  0.14262330,  0.15031876]
  - [  0.00000000,  0.00000000,  0.00000000,  1.00000000]
  camera_model: pinhole
  distortion_coeffs: [ -0.20016700,  0.16097300,  0.00039200, -0.00092100,  0.00000000]
  distortion_model: plumb_bob
  intrinsics: [2174.55148200,2172.55663800,959.19672800,613.07115500]
  resolution: [1920,1200]
cam1:
  T_cam_body:
  - [  0.22397796, -0.97419566,  0.02786906,  0.10148251]
  - [  0.16021500,  0.00859850, -0.98704469,  0.17135063]
  - [  0.96133502,  0.22554130,  0.15800663, -0.43759935]
  - [  0.00000000,  0.00000000,  0.00000000,  1.00000000]
  camera_model: pinhole
  distortion_coeffs: [ -0.20596600,  0.18770000, -0.00040500, -0.00052700,  0.00000000]
  distortion_model: plumb_bob
  intrinsics: [2175.13780800,2172.98911900,952.79468600,602.94764200]
  resolution: [1900,1200]
cam2:
  T_cam_body:
  - [  0.15736637, -0.98747462, -0.01138881,  0.17255813]
  - [ -0.17655403, -0.01678564, -0.98414781,  2.32054681]
  - [  0.97162982,  0.15688250, -0.17698412,  0.02979819]
  - [  0.00000000,  0.00000000,  0.00000000,  1.00000000]
  camera_model: pinhole
  distortion_coeffs: [ -0.18906700,  0.12491500,  0.00004300,  0.00029600,  0.00000000]
  distortion_model: plumb_bob
  intrinsics: [2168.75828100,2166.97968700,990.68865100,583.91409000]
  resolution: [1900,1200]
cam3:
  T_cam_body:
  - [ -0.22629207, -0.97405227, -0.00375273,  2.21270118]
  - [ -0.17965596,  0.04552367, -0.98267560,  2.20877034]
  - [  0.95734823, -0.22169750, -0.18529594,  0.54147054]
  - [  0.00000000,  0.00000000,  0.00000000,  1.00000000]
  camera_model: pinhole
  distortion_coeffs: [ -0.20373500,  0.17155500,  0.00030800,  0.00170700,  0.00000000]
  distortion_model: plumb_bob
  intrinsics: [2173.86677800,2171.87626100,976.88097600,604.27685400]
  resolution: [1900,1200]
cam4:
  T_cam_body:
  - [  0.21956718,  0.97484777, -0.03823727, -1.35264122]
  - [ -0.13589769, -0.00825006, -0.99068853,  1.01009726]
  - [ -0.96608595,  0.22271904,  0.13066812,  5.39294661]
  - [  0.00000000,  0.00000000,  0.00000000,  1.00000000]
  camera_model: pinhole
  distortion_coeffs: [ -0.19907400,  0.17018000,  0.00010400, -0.00099100,  0.00000000]
  distortion_model: plumb_bob
  intrinsics: [2167.49490200,2165.56980200,940.89474900,612.57647900]
  resolution: [1900,1200]
cam5:
  T_cam_body:
  - [ -0.29427344,  0.95572123,  0.00027504, -0.35666561]
  - [ -0.16925800, -0.05183252, -0.98420786,  1.28885928]
  - [ -0.94061409, -0.28967279,  0.17701639,  5.87950287]
  - [  0.00000000,  0.00000000,  0.00000000,  1.00000000]
  camera_model: pinhole
  distortion_coeffs: [ -0.20440700,  0.17692000, -0.00025400, -0.00018900,  0.00000000]
  distortion_model: plumb_bob
  intrinsics: [2169.53280200,2167.61894400,958.79047800,602.89947900]
  resolution: [1900,1200]
cam6:
  T_cam_body:
  - [ -0.16983922,  0.98512006, -0.02632675, -1.00693253]
  - [  0.18530734,  0.00568672, -0.98266416,  1.16826613]
  - [ -0.96789247, -0.17177346, -0.18351580,  6.26348592]
  - [  0.00000000,  0.00000000,  0.00000000,  1.00000000]
  camera_model: pinhole
  distortion_coeffs: [ -0.19957400,  0.16977500, -0.00008300, -0.00020300,  0.00000000]
  distortion_model: plumb_bob
  intrinsics: [2174.42781900,2172.57924300,956.85045600,596.94859000]
  resolution: [1900,1200]
cam7:
  T_cam_body:
  - [  0.30279129,  0.95296274, -0.01339563, -1.85354156]
  - [  0.15312567, -0.06251687, -0.98622724,  1.43494961]
  - [ -0.94067527,  0.29656981, -0.16485262,  5.63261349]
  - [  0.00000000,  0.00000000,  0.00000000,  1.00000000]
  camera_model: pinhole
  distortion_coeffs: [ -0.19961400,  0.16420700, -0.00003500,  0.00040600,  0.00000000]
  distortion_model: plumb_bob
  intrinsics: [2174.75669700,2173.42025700,960.91814700,599.51184600]
  resolution: [1900,1200]
