cam0:
  T_cam_body:
  - [ -0.25655120, -0.96526391,  0.04946786,  2.19244141]
  - [  0.12550394, -0.08401703, -0.98852916,  0.35077024]
  - [  0.95834766, -0.24739993,  0.14269909,  0.14932114]
  - [  0.00000000,  0.00000000,  0.00000000,  1.00000000]
  camera_model: pinhole
  distortion_coeffs: [ -0.20016700,  0.16097300,  0.00039200, -0.00092100,  0.00000000]
  distortion_model: plumb_bob
  intrinsics: [2174.55148200,2172.55663800,959.19672800,613.07115500]
  resolution: [1920,1200]
cam1:
  T_cam_body:
  - [  0.22391647, -0.97420876,  0.02790532,  0.10140553]
  - [  0.16028247,  0.00856735, -0.98703401,  0.17156441]
  - [  0.96133810,  0.22548590,  0.15806696, -0.43803030]
  - [  0.00000000,  0.00000000,  0.00000000,  1.00000000]
  camera_model: pinhole
  distortion_coeffs: [ -0.20596600,  0.18770000, -0.00040500, -0.00052700,  0.00000000]
  distortion_model: plumb_bob
  intrinsics: [2175.13780800,2172.98911900,952.79468600,602.94764200]
  resolution: [1900,1200]
cam2:
  T_cam_body:
  - [  0.15751867, -0.98744863, -0.01153604,  0.17248302]
  - [ -0.17652283, -0.01666151, -0.98415552,  2.32104353]
  - [  0.97161081,  0.15705925, -0.17693172,  0.02882864]
  - [  0.00000000,  0.00000000,  0.00000000,  1.00000000]
  camera_model: pinhole
  distortion_coeffs: [ -0.18906700,  0.12491500,  0.00004300,  0.00029600,  0.00000000]
  distortion_model: plumb_bob
  intrinsics: [2168.75828100,2166.97968700,990.68865100,583.91409000]
  resolution: [1900,1200]
cam3:
  T_cam_body:
  - [ -0.22628853, -0.97405308, -0.00375385,  2.21285371]
  - [ -0.17958277,  0.04550716, -0.98268974,  2.20869624]
  - [  0.95736280, -0.22169729, -0.18522090,  0.54056372]
  - [  0.00000000,  0.00000000,  0.00000000,  1.00000000]
  camera_model: pinhole
  distortion_coeffs: [ -0.20373500,  0.17155500,  0.00030800,  0.00170700,  0.00000000]
  distortion_model: plumb_bob
  intrinsics: [2173.86677800,2171.87626100,976.88097600,604.27685400]
  resolution: [1900,1200]
cam4:
  T_cam_body:
  - [  0.21927140,  0.97491504, -0.03821937, -1.35134938]
  - [ -0.13594072, -0.00826261, -0.99068252,  1.01043090]
  - [ -0.96614708,  0.22242392,  0.13071890,  5.39278764]
  - [  0.00000000,  0.00000000,  0.00000000,  1.00000000]
  camera_model: pinhole
  distortion_coeffs: [ -0.19907400,  0.17018000,  0.00010400, -0.00099100,  0.00000000]
  distortion_model: plumb_bob
  intrinsics: [2167.49490200,2165.56980200,940.89474900,612.57647900]
  resolution: [1900,1200]
cam5:
  T_cam_body:
  - [ -0.29422713,  0.95573548,  0.00030937, -0.35769120]
  - [ -0.16918824, -0.05176670, -0.98422332,  1.28854540]
  - [ -0.94064113, -0.28963755,  0.17693037,  5.87934827]
  - [  0.00000000,  0.00000000,  0.00000000,  1.00000000]
  camera_model: pinhole
  distortion_coeffs: [ -0.20440700,  0.17692000, -0.00025400, -0.00018900,  0.00000000]
  distortion_model: plumb_bob
  intrinsics: [2169.53280200,2167.61894400,958.79047800,602.89947900]
  resolution: [1900,1200]
cam6:
  T_cam_body:
  - [ -0.16990848,  0.98510748, -0.02635076, -1.00667354]
  - [  0.18532401,  0.00567883, -0.98266106,  1.16846627]
  - [ -0.96787712, -0.17184587, -0.18352895,  6.26315092]
  - [  0.00000000,  0.00000000,  0.00000000,  1.00000000]
  camera_model: pinhole
  distortion_coeffs: [ -0.19957400,  0.16977500, -0.00008300, -0.00020300,  0.00000000]
  distortion_model: plumb_bob
  intrinsics: [2174.42781900,2172.57924300,956.85045600,596.94859000]
  resolution: [1900,1200]
cam7:
  T_cam_body:
  - [  0.30255316,  0.95303669, -0.01351525, -1.85302402]
  - [  0.15296374, -0.06254647, -0.98625049,  1.43579340]
  - [ -0.94077823,  0.29632586, -0.16470369,  5.63202219]
  - [  0.00000000,  0.00000000,  0.00000000,  1.00000000]
  camera_model: pinhole
  distortion_coeffs: [ -0.19961400,  0.16420700, -0.00003500,  0.00040600,  0.00000000]
  distortion_model: plumb_bob
  intrinsics: [2174.75669700,2173.42025700,960.91814700,599.51184600]
  resolution: [1900,1200]
