cam0:
  T_cam_body:
  - [ -0.25736132, -0.96502117,  0.04999285,  2.19107489]
  - [  0.12433231, -0.08437493, -0.98864673,  0.35349815]
  - [  0.95828317, -0.24822370,  0.14169816,  0.15213348]
  - [  0.00000000,  0.00000000,  0.00000000,  1.00000000]
  camera_model: pinhole
  distortion_coeffs: [ -0.20016700,  0.16097300,  0.00039200, -0.00092100,  0.00000000]
  distortion_model: plumb_bob
  intrinsics: [2174.55148200,2172.55663800,959.19672800,613.07115500]
  resolution: [1920,1200]
cam1:
  T_cam_body:
  - [  0.22444945, -0.97408539,  0.02793019,  0.10126410]
  - [  0.15996667,  0.00855669, -0.98708533,  0.17248133]
  - [  0.96126641,  0.22601866,  0.15774174, -0.43722774]
  - [  0.00000000,  0.00000000,  0.00000000,  1.00000000]
  camera_model: pinhole
  distortion_coeffs: [ -0.20596600,  0.18770000, -0.00040500, -0.00052700,  0.00000000]
  distortion_model: plumb_bob
  intrinsics: [2175.13780800,2172.98911900,952.79468600,602.94764200]
  resolution: [1900,1200]
cam2:
  T_cam_body:
  - [  0.15776552, -0.98741226, -0.01127227,  0.17146487]
  - [ -0.17706018, -0.01705619, -0.98405222,  2.32140007]
  - [  0.97147297,  0.15724539, -0.17752227,  0.03065792]
  - [  0.00000000,  0.00000000,  0.00000000,  1.00000000]
  camera_model: pinhole
  distortion_coeffs: [ -0.18906700,  0.12491500,  0.00004300,  0.00029600,  0.00000000]
  distortion_model: plumb_bob
  intrinsics: [2168.75828100,2166.97968700,990.68865100,583.91409000]
  resolution: [1900,1200]
cam3:
  T_cam_body:
  - [ -0.22640548, -0.97402766, -0.00326725,  2.21223235]
  - [ -0.18025788,  0.04519554, -0.98258051,  2.21033746]
  - [  0.95720826, -0.22187266, -0.18580868,  0.54218621]
  - [  0.00000000,  0.00000000,  0.00000000,  1.00000000]
  camera_model: pinhole
  distortion_coeffs: [ -0.20373500,  0.17155500,  0.00030800,  0.00170700,  0.00000000]
  distortion_model: plumb_bob
  intrinsics: [2173.86677800,2171.87626100,976.88097600,604.27685400]
  resolution: [1900,1200]
cam4:
  T_cam_body:
  - [  0.22072446,  0.97458524, -0.03826643, -1.35605775]
  - [ -0.13487855, -0.00835679, -0.99082690,  1.00983182]
  - [ -0.96596506,  0.22386105,  0.12960609,  5.39423217]
  - [  0.00000000,  0.00000000,  0.00000000,  1.00000000]
  camera_model: pinhole
  distortion_coeffs: [ -0.19907400,  0.17018000,  0.00010400, -0.00099100,  0.00000000]
  distortion_model: plumb_bob
  intrinsics: [2167.49490200,2165.56980200,940.89474900,612.57647900]
  resolution: [1900,1200]
cam5:
  T_cam_body:
  - [ -0.29502177,  0.95549048,  0.00032121, -0.35040202]
  - [ -0.16850210, -0.05169660, -0.98434471,  1.28845779]
  - [ -0.94051539, -0.29045725,  0.17625378,  5.88140898]
  - [  0.00000000,  0.00000000,  0.00000000,  1.00000000]
  camera_model: pinhole
  distortion_coeffs: [ -0.20440700,  0.17692000, -0.00025400, -0.00018900,  0.00000000]
  distortion_model: plumb_bob
  intrinsics: [2169.53280200,2167.61894400,958.79047800,602.89947900]
  resolution: [1900,1200]
cam6:
  T_cam_body:
  - [ -0.16963869,  0.98515203, -0.02642332, -1.00700233]
  - [  0.18546304,  0.00558007, -0.98263540,  1.16719599]
  - [ -0.96789781, -0.17159353, -0.18365588,  6.26351327]
  - [  0.00000000,  0.00000000,  0.00000000,  1.00000000]
  camera_model: pinhole
  distortion_coeffs: [ -0.19957400,  0.16977500, -0.00008300, -0.00020300,  0.00000000]
  distortion_model: plumb_bob
  intrinsics: [2174.42781900,2172.57924300,956.85045600,596.94859000]
  resolution: [1900,1200]
cam7:
  T_cam_body:
  - [  0.30286534,  0.95293946, -0.01337797, -1.85452160]
  - [  0.15383021, -0.06273421, -0.98610379,  1.43459479]
  - [ -0.94053647,  0.29659873, -0.16559089,  5.63286384]
  - [  0.00000000,  0.00000000,  0.00000000,  1.00000000]
  camera_model: pinhole
  distortion_coeffs: [ -0.19961400,  0.16420700, -0.00003500,  0.00040600,  0.00000000]
  distortion_model: plumb_bob
  intrinsics: [2174.75669700,2173.42025700,960.91814700,599.51184600]
  resolution: [1900,1200]
