cam0:
  T_cam_body:
  - [ -0.25687970, -0.96514134,  0.05014992,  2.19185107]
  - [  0.12480621, -0.08458537, -0.98856903,  0.35230887]
  - [  0.95835079, -0.24768429,  0.14218390,  0.15092615]
  - [  0.00000000,  0.00000000,  0.00000000,  1.00000000]
  camera_model: pinhole
  distortion_coeffs: [ -0.20016700,  0.16097300,  0.00039200, -0.00092100,  0.00000000]
  distortion_model: plumb_bob
  intrinsics: [2174.55148200,2172.55663800,959.19672800,613.07115500]
  resolution: [1920,1200]
cam1:
  T_cam_body:
  - [  0.22435498, -0.97410288,  0.02807895,  0.10049711]
  - [  0.16056979,  0.00853201, -0.98698761,  0.17141507]
  - [  0.96118790,  0.22594421,  0.15832569, -0.43818450]
  - [  0.00000000,  0.00000000,  0.00000000,  1.00000000]
  camera_model: pinhole
  distortion_coeffs: [ -0.20596600,  0.18770000, -0.00040500, -0.00052700,  0.00000000]
  distortion_model: plumb_bob
  intrinsics: [2175.13780800,2172.98911900,952.79468600,602.94764200]
  resolution: [1900,1200]
cam2:
  T_cam_body:
  - [  0.15793835, -0.98738588, -0.01116240,  0.17051385]
  - [ -0.17672590, -0.01714300, -0.98411080,  2.32135381]
  - [  0.97150576,  0.15740152, -0.17720420,  0.02930304]
  - [  0.00000000,  0.00000000,  0.00000000,  1.00000000]
  camera_model: pinhole
  distortion_coeffs: [ -0.18906700,  0.12491500,  0.00004300,  0.00029600,  0.00000000]
  distortion_model: plumb_bob
  intrinsics: [2168.75828100,2166.97968700,990.68865100,583.91409000]
  resolution: [1900,1200]
cam3:
  T_cam_body:
  - [ -0.22641380, -0.97402467, -0.00356827,  2.21277748]
  - [ -0.17998068,  0.04543660, -0.98262021,  2.20926031]
  - [  0.95725845, -0.22183656, -0.18559309,  0.54187408]
  - [  0.00000000,  0.00000000,  0.00000000,  1.00000000]
  camera_model: pinhole
  distortion_coeffs: [ -0.20373500,  0.17155500,  0.00030800,  0.00170700,  0.00000000]
  distortion_model: plumb_bob
  intrinsics: [2173.86677800,2171.87626100,976.88097600,604.27685400]
  resolution: [1900,1200]
cam4:
  T_cam_body:
  - [  0.21993550,  0.97477208, -0.03804968, -1.35585184]
  - [ -0.13545888, -0.00811010, -0.99074978,  1.00847645]
  - [ -0.96606380,  0.22305521,  0.13025783,  5.39415397]
  - [  0.00000000,  0.00000000,  0.00000000,  1.00000000]
  camera_model: pinhole
  distortion_coeffs: [ -0.19907400,  0.17018000,  0.00010400, -0.00099100,  0.00000000]
  distortion_model: plumb_bob
  intrinsics: [2167.49490200,2165.56980200,940.89474900,612.57647900]
  resolution: [1900,1200]
cam5:
  T_cam_body:
  - [ -0.29510629,  0.95546437,  0.00033774, -0.35024793]
  - [ -0.16908904, -0.05187721, -0.98423455,  1.28870733]
  - [ -0.94038353, -0.29051092,  0.17686784,  5.88082161]
  - [  0.00000000,  0.00000000,  0.00000000,  1.00000000]
  camera_model: pinhole
  distortion_coeffs: [ -0.20440700,  0.17692000, -0.00025400, -0.00018900,  0.00000000]
  distortion_model: plumb_bob
  intrinsics: [2169.53280200,2167.61894400,958.79047800,602.89947900]
  resolution: [1900,1200]
cam6:
  T_cam_body:
  - [ -0.16967711,  0.98514936, -0.02627562, -1.00705893]
  - [  0.18551790,  0.00574439, -0.98262410,  1.16655996]
  - [ -0.96788057, -0.17160341, -0.18373753,  6.26403404]
  - [  0.00000000,  0.00000000,  0.00000000,  1.00000000]
  camera_model: pinhole
  distortion_coeffs: [ -0.19957400,  0.16977500, -0.00008300, -0.00020300,  0.00000000]
  distortion_model: plumb_bob
  intrinsics: [2174.42781900,2172.57924300,956.85045600,596.94859000]
  resolution: [1900,1200]
cam7:
  T_cam_body:
  - [  0.30264834,  0.95300738, -0.01345045, -1.85415638]
  - [  0.15341303, -0.06263823, -0.98617488,  1.43451774]
  - [ -0.94067445,  0.29640072, -0.16516110,  5.63365185]
  - [  0.00000000,  0.00000000,  0.00000000,  1.00000000]
  camera_model: pinhole
  distortion_coeffs: [ -0.19961400,  0.16420700, -0.00003500,  0.00040600,  0.00000000]
  distortion_model: plumb_bob
  intrinsics: [2174.75669700,2173.42025700,960.91814700,599.51184600]
  resolution: [1900,1200]
