cam0:
  T_cam_body:
  - [ -0.25792819, -0.96485468,  0.05028408,  2.19159439]
  - [  0.12370591, -0.08459661, -0.98870636,  0.35432608]
  - [  0.95821182, -0.24879480,  0.14117808,  0.15513825]
  - [  0.00000000,  0.00000000,  0.00000000,  1.00000000]
  camera_model: pinhole
  distortion_coeffs: [ -0.20016700,  0.16097300,  0.00039200, -0.00092100,  0.00000000]
  distortion_model: plumb_bob
  intrinsics: [2174.55148200,2172.55663800,959.19672800,613.07115500]
  resolution: [1920,1200]
cam1:
  T_cam_body:
  - [  0.22495730, -0.97397270,  0.02777392,  0.10071873]
  - [  0.16011332,  0.00883409, -0.98705911,  0.17249364]
  - [  0.96112327,  0.22649313,  0.15793330, -0.43638839]
  - [  0.00000000,  0.00000000,  0.00000000,  1.00000000]
  camera_model: pinhole
  distortion_coeffs: [ -0.20596600,  0.18770000, -0.00040500, -0.00052700,  0.00000000]
  distortion_model: plumb_bob
  intrinsics: [2175.13780800,2172.98911900,952.79468600,602.94764200]
  resolution: [1900,1200]
cam2:
  T_cam_body:
  - [  0.15799583, -0.98737893, -0.01096176,  0.17102925]
  - [ -0.17733403, -0.01745197, -0.98399597,  2.32124119]
  - [  0.97138559,  0.15741115, -0.17785322,  0.03260323]
  - [  0.00000000,  0.00000000,  0.00000000,  1.00000000]
  camera_model: pinhole
  distortion_coeffs: [ -0.18906700,  0.12491500,  0.00004300,  0.00029600,  0.00000000]
  distortion_model: plumb_bob
  intrinsics: [2168.75828100,2166.97968700,990.68865100,583.91409000]
  resolution: [1900,1200]
cam3:
  T_cam_body:
  - [ -0.22646106, -0.97401332, -0.00366554,  2.21280206]
  - [ -0.18043841,  0.04565006, -0.98252636,  2.20966626]
  - [  0.95716110, -0.22184256, -0.18608738,  0.54364872]
  - [  0.00000000,  0.00000000,  0.00000000,  1.00000000]
  camera_model: pinhole
  distortion_coeffs: [ -0.20373500,  0.17155500,  0.00030800,  0.00170700,  0.00000000]
  distortion_model: plumb_bob
  intrinsics: [2173.86677800,2171.87626100,976.88097600,604.27685400]
  resolution: [1900,1200]
cam4:
  T_cam_body:
  - [  0.22175291,  0.97435920, -0.03807619, -1.36240697]
  - [ -0.13424875, -0.00816965, -0.99091399,  1.00685216]
  - [ -0.96581723,  0.22484974,  0.12899486,  5.39572914]
  - [  0.00000000,  0.00000000,  0.00000000,  1.00000000]
  camera_model: pinhole
  distortion_coeffs: [ -0.19907400,  0.17018000,  0.00010400, -0.00099100,  0.00000000]
  distortion_model: plumb_bob
  intrinsics: [2167.49490200,2165.56980200,940.89474900,612.57647900]
  resolution: [1900,1200]
cam5:
  T_cam_body:
  - [ -0.29568933,  0.95528407,  0.00041258, -0.34342670]
  - [ -0.16852601, -0.05173877, -0.98433840,  1.28847633]
  - [ -0.94030144, -0.29112789,  0.17628882,  5.88274301]
  - [  0.00000000,  0.00000000,  0.00000000,  1.00000000]
  camera_model: pinhole
  distortion_coeffs: [ -0.20440700,  0.17692000, -0.00025400, -0.00018900,  0.00000000]
  distortion_model: plumb_bob
  intrinsics: [2169.53280200,2167.61894400,958.79047800,602.89947900]
  resolution: [1900,1200]
cam6:
  T_cam_body:
  - [ -0.16944739,  0.98518778, -0.02631769, -1.00756073]
  - [  0.18575445,  0.00570083, -0.98257966,  1.16529061]
  - [ -0.96787544, -0.17138419, -0.18396900,  6.26519169]
  - [  0.00000000,  0.00000000,  0.00000000,  1.00000000]
  camera_model: pinhole
  distortion_coeffs: [ -0.19957400,  0.16977500, -0.00008300, -0.00020300,  0.00000000]
  distortion_model: plumb_bob
  intrinsics: [2174.42781900,2172.57924300,956.85045600,596.94859000]
  resolution: [1900,1200]
cam7:
  T_cam_body:
  - [  0.30269430,  0.95299684, -0.01316005, -1.85483375]
  - [  0.15426487, -0.06261456, -0.98604349,  1.43313476]
  - [ -0.94052034,  0.29643961, -0.16596700,  5.63531941]
  - [  0.00000000,  0.00000000,  0.00000000,  1.00000000]
  camera_model: pinhole
  distortion_coeffs: [ -0.19961400,  0.16420700, -0.00003500,  0.00040600,  0.00000000]
  distortion_model: plumb_bob
  intrinsics: [2174.75669700,2173.42025700,960.91814700,599.51184600]
  resolution: [1900,1200]
