cam0:
  T_cam_body:
  - [ -0.25753470, -0.96495764,  0.05032528,  2.19101976]
  - [  0.12386198, -0.08461988, -0.98868483,  0.35416723]
  - [  0.95829749, -0.24838726,  0.14131412,  0.15277014]
  - [  0.00000000,  0.00000000,  0.00000000,  1.00000000]
  camera_model: pinhole
  distortion_coeffs: [ -0.20016700,  0.16097300,  0.00039200, -0.00092100,  0.00000000]
  distortion_model: plumb_bob
  intrinsics: [2174.55148200,2172.55663800,959.19672800,613.07115500]
  resolution: [1920,1200]
cam1:
  T_cam_body:
  - [  0.22492019, -0.97397715,  0.02791799,  0.10004241]
  - [  0.16020613,  0.00870377, -0.98704521,  0.17236498]
  - [  0.96111649,  0.22647903,  0.15799476, -0.43790558]
  - [  0.00000000,  0.00000000,  0.00000000,  1.00000000]
  camera_model: pinhole
  distortion_coeffs: [ -0.20596600,  0.18770000, -0.00040500, -0.00052700,  0.00000000]
  distortion_model: plumb_bob
  intrinsics: [2175.13780800,2172.98911900,952.79468600,602.94764200]
  resolution: [1900,1200]
cam2:
  T_cam_body:
  - [  0.15818117, -0.98734828, -0.01104981,  0.17012943]
  - [ -0.17721429, -0.01737861, -0.98401884,  2.32167559]
  - [  0.97137728,  0.15761143, -0.17772119,  0.03059496]
  - [  0.00000000,  0.00000000,  0.00000000,  1.00000000]
  camera_model: pinhole
  distortion_coeffs: [ -0.18906700,  0.12491500,  0.00004300,  0.00029600,  0.00000000]
  distortion_model: plumb_bob
  intrinsics: [2168.75828100,2166.97968700,990.68865100,583.91409000]
  resolution: [1900,1200]
cam3:
  T_cam_body:
  - [ -0.22623442, -0.97406571, -0.00373837,  2.21230950]
  - [ -0.18036133,  0.04566123, -0.98254000,  2.20935230]
  - [  0.95722922, -0.22161011, -0.18601393,  0.54375631]
  - [  0.00000000,  0.00000000,  0.00000000,  1.00000000]
  camera_model: pinhole
  distortion_coeffs: [ -0.20373500,  0.17155500,  0.00030800,  0.00170700,  0.00000000]
  distortion_model: plumb_bob
  intrinsics: [2173.86677800,2171.87626100,976.88097600,604.27685400]
  resolution: [1900,1200]
cam4:
  T_cam_body:
  - [  0.22185734,  0.97433276, -0.03814431, -1.36097092]
  - [ -0.13439326, -0.00819109, -0.99089422,  1.00711739]
  - [ -0.96577315,  0.22496350,  0.12912650,  5.39488767]
  - [  0.00000000,  0.00000000,  0.00000000,  1.00000000]
  camera_model: pinhole
  distortion_coeffs: [ -0.19907400,  0.17018000,  0.00010400, -0.00099100,  0.00000000]
  distortion_model: plumb_bob
  intrinsics: [2167.49490200,2165.56980200,940.89474900,612.57647900]
  resolution: [1900,1200]
cam5:
  T_cam_body:
  - [ -0.29565757,  0.95529391,  0.00039332, -0.34437964]
  - [ -0.16852002, -0.05175063, -0.98433880,  1.28862958]
  - [ -0.94031250, -0.29109350,  0.17628661,  5.88246768]
  - [  0.00000000,  0.00000000,  0.00000000,  1.00000000]
  camera_model: pinhole
  distortion_coeffs: [ -0.20440700,  0.17692000, -0.00025400, -0.00018900,  0.00000000]
  distortion_model: plumb_bob
  intrinsics: [2169.53280200,2167.61894400,958.79047800,602.89947900]
  resolution: [1900,1200]
cam6:
  T_cam_body:
  - [ -0.16945782,  0.98518515, -0.02634885, -1.00737543]
  - [  0.18572737,  0.00566692, -0.98258497,  1.16547881]
  - [ -0.96787881, -0.17140041, -0.18393615,  6.26459794]
  - [  0.00000000,  0.00000000,  0.00000000,  1.00000000]
  camera_model: pinhole
  distortion_coeffs: [ -0.19957400,  0.16977500, -0.00008300, -0.00020300,  0.00000000]
  distortion_model: plumb_bob
  intrinsics: [2174.42781900,2172.57924300,956.85045600,596.94859000]
  resolution: [1900,1200]
cam7:
  T_cam_body:
  - [  0.30277576,  0.95297101, -0.01315657, -1.85453780]
  - [  0.15405455, -0.06255953, -0.98607987,  1.43331131]
  - [ -0.94052859,  0.29653425, -0.16575103,  5.63402767]
  - [  0.00000000,  0.00000000,  0.00000000,  1.00000000]
  camera_model: pinhole
  distortion_coeffs: [ -0.19961400,  0.16420700, -0.00003500,  0.00040600,  0.00000000]
  distortion_model: plumb_bob
  intrinsics: [2174.75669700,2173.42025700,960.91814700,599.51184600]
  resolution: [1900,1200]
