cam0:
  T_cam_body:
  - [ -0.25685257, -0.96515171,  0.05008919,  2.19170269]
  - [  0.12473210, -0.08449989, -0.98858569,  0.35245349]
  - [  0.95836770, -0.24767305,  0.14208942,  0.15096320]
  - [  0.00000000,  0.00000000,  0.00000000,  1.00000000]
  camera_model: pinhole
  distortion_coeffs: [ -0.20016700,  0.16097300,  0.00039200, -0.00092100,  0.00000000]
  distortion_model: plumb_bob
  intrinsics: [2174.55148200,2172.55663800,959.19672800,613.07115500]
  resolution: [1920,1200]
cam1:
  T_cam_body:
  - [  0.22432384, -0.97411004,  0.02807907,  0.10079358]
  - [  0.16033250,  0.00847092, -0.98702671,  0.17232466]
  - [  0.96123478,  0.22591561,  0.15808172, -0.43779037]
  - [  0.00000000,  0.00000000,  0.00000000,  1.00000000]
  camera_model: pinhole
  distortion_coeffs: [ -0.20596600,  0.18770000, -0.00040500, -0.00052700,  0.00000000]
  distortion_model: plumb_bob
  intrinsics: [2175.13780800,2172.98911900,952.79468600,602.94764200]
  resolution: [1900,1200]
cam2:
  T_cam_body:
  - [  0.15786537, -0.98739680, -0.01122890,  0.17072908]
  - [ -0.17683024, -0.01708036, -0.98409315,  2.32159390]
  - [  0.97149863,  0.15733984, -0.17729801,  0.02928718]
  - [  0.00000000,  0.00000000,  0.00000000,  1.00000000]
  camera_model: pinhole
  distortion_coeffs: [ -0.18906700,  0.12491500,  0.00004300,  0.00029600,  0.00000000]
  distortion_model: plumb_bob
  intrinsics: [2168.75828100,2166.97968700,990.68865100,583.91409000]
  resolution: [1900,1200]
cam3:
  T_cam_body:
  - [ -0.22637013, -0.97403498, -0.00352382,  2.21258509]
  - [ -0.18009704,  0.04541017, -0.98260011,  2.20945364]
  - [  0.95724690, -0.22179668, -0.18570033,  0.54193565]
  - [  0.00000000,  0.00000000,  0.00000000,  1.00000000]
  camera_model: pinhole
  distortion_coeffs: [ -0.20373500,  0.17155500,  0.00030800,  0.00170700,  0.00000000]
  distortion_model: plumb_bob
  intrinsics: [2173.86677800,2171.87626100,976.88097600,604.27685400]
  resolution: [1900,1200]
cam4:
  T_cam_body:
  - [  0.22002206,  0.97475199, -0.03806379, -1.35569385]
  - [ -0.13550630, -0.00810162, -0.99074336,  1.00864743]
  - [ -0.96603744,  0.22314328,  0.13030250,  5.39311871]
  - [  0.00000000,  0.00000000,  0.00000000,  1.00000000]
  camera_model: pinhole
  distortion_coeffs: [ -0.19907400,  0.17018000,  0.00010400, -0.00099100,  0.00000000]
  distortion_model: plumb_bob
  intrinsics: [2167.49490200,2165.56980200,940.89474900,612.57647900]
  resolution: [1900,1200]
cam5:
  T_cam_body:
  - [ -0.29472288,  0.95558271,  0.00033054, -0.35078676]
  - [ -0.16854896, -0.05164375, -0.98433946,  1.28838515]
  - [ -0.94060070, -0.29016307,  0.17628307,  5.88017705]
  - [  0.00000000,  0.00000000,  0.00000000,  1.00000000]
  camera_model: pinhole
  distortion_coeffs: [ -0.20440700,  0.17692000, -0.00025400, -0.00018900,  0.00000000]
  distortion_model: plumb_bob
  intrinsics: [2169.53280200,2167.61894400,958.79047800,602.89947900]
  resolution: [1900,1200]
cam6:
  T_cam_body:
  - [ -0.16964509,  0.98515144, -0.02640433, -1.00658416]
  - [  0.18546529,  0.00560063, -0.98263485,  1.16724919]
  - [ -0.96789626, -0.17159626, -0.18366152,  6.26332713]
  - [  0.00000000,  0.00000000,  0.00000000,  1.00000000]
  camera_model: pinhole
  distortion_coeffs: [ -0.19957400,  0.16977500, -0.00008300, -0.00020300,  0.00000000]
  distortion_model: plumb_bob
  intrinsics: [2174.42781900,2172.57924300,956.85045600,596.94859000]
  resolution: [1900,1200]
cam7:
  T_cam_body:
  - [  0.30273177,  0.95297872, -0.01360292, -1.85360929]
  - [  0.15343101, -0.06281684, -0.98616072,  1.43468960]
  - [ -0.94064467,  0.29645508, -0.16523314,  5.63334631]
  - [  0.00000000,  0.00000000,  0.00000000,  1.00000000]
  camera_model: pinhole
  distortion_coeffs: [ -0.19961400,  0.16420700, -0.00003500,  0.00040600,  0.00000000]
  distortion_model: plumb_bob
  intrinsics: [2174.75669700,2173.42025700,960.91814700,599.51184600]
  resolution: [1900,1200]
