cam0:
  T_cam_body:
  - [ -0.25743076, -0.96501220,  0.04980811,  2.19131519]
  - [  0.12429707, -0.08418705, -0.98866717,  0.35322497]
  - [  0.95826908, -0.24832234,  0.14162053,  0.15243776]
  - [  0.00000000,  0.00000000,  0.00000000,  1.00000000]
  camera_model: pinhole
  distortion_coeffs: [ -0.20016700,  0.16097300,  0.00039200, -0.00092100,  0.00000000]
  distortion_model: plumb_bob
  intrinsics: [2174.55148200,2172.55663800,959.19672800,613.07115500]
  resolution: [1920,1200]
cam1:
  T_cam_body:
  - [  0.22455730, -0.97406774,  0.02767767,  0.10127297]
  - [  0.15990248,  0.00881542, -0.98709345,  0.17259037]
  - [  0.96125190,  0.22608477,  0.15773541, -0.43726440]
  - [  0.00000000,  0.00000000,  0.00000000,  1.00000000]
  camera_model: pinhole
  distortion_coeffs: [ -0.20596600,  0.18770000, -0.00040500, -0.00052700,  0.00000000]
  distortion_model: plumb_bob
  intrinsics: [2175.13780800,2172.98911900,952.79468600,602.94764200]
  resolution: [1900,1200]
cam2:
  T_cam_body:
  - [  0.15772141, -0.98741707, -0.01146678,  0.17208817]
  - [ -0.17711082, -0.01686250, -0.98404645,  2.32128277]
  - [  0.97147090,  0.15723608, -0.17754183,  0.03046189]
  - [  0.00000000,  0.00000000,  0.00000000,  1.00000000]
  camera_model: pinhole
  distortion_coeffs: [ -0.18906700,  0.12491500,  0.00004300,  0.00029600,  0.00000000]
  distortion_model: plumb_bob
  intrinsics: [2168.75828100,2166.97968700,990.68865100,583.91409000]
  resolution: [1900,1200]
cam3:
  T_cam_body:
  - [ -0.22642902, -0.97402145, -0.00348084,  2.21260772]
  - [ -0.18026434,  0.04541711, -0.98256911,  2.20999023]
  - [  0.95720148, -0.22185469, -0.18586509,  0.54220412]
  - [  0.00000000,  0.00000000,  0.00000000,  1.00000000]
  camera_model: pinhole
  distortion_coeffs: [ -0.20373500,  0.17155500,  0.00030800,  0.00170700,  0.00000000]
  distortion_model: plumb_bob
  intrinsics: [2173.86677800,2171.87626100,976.88097600,604.27685400]
  resolution: [1900,1200]
cam4:
  T_cam_body:
  - [  0.22062053,  0.97461081, -0.03821460, -1.35679633]
  - [ -0.13474987, -0.00834809, -0.99084448,  1.00974425]
  - [ -0.96600676,  0.22375005,  0.12948692,  5.39450375]
  - [  0.00000000,  0.00000000,  0.00000000,  1.00000000]
  camera_model: pinhole
  distortion_coeffs: [ -0.19907400,  0.17018000,  0.00010400, -0.00099100,  0.00000000]
  distortion_model: plumb_bob
  intrinsics: [2167.49490200,2165.56980200,940.89474900,612.57647900]
  resolution: [1900,1200]
cam5:
  T_cam_body:
  - [ -0.29481113,  0.95555549,  0.00031985, -0.35004024]
  - [ -0.16866534, -0.05170771, -0.98431617,  1.28850260]
  - [ -0.94055218, -0.29024131,  0.17641310,  5.88020882]
  - [  0.00000000,  0.00000000,  0.00000000,  1.00000000]
  camera_model: pinhole
  distortion_coeffs: [ -0.20440700,  0.17692000, -0.00025400, -0.00018900,  0.00000000]
  distortion_model: plumb_bob
  intrinsics: [2169.53280200,2167.61894400,958.79047800,602.89947900]
  resolution: [1900,1200]
cam6:
  T_cam_body:
  - [ -0.16949763,  0.98517782, -0.02636697, -1.00727652]
  - [  0.18545601,  0.00560834, -0.98263656,  1.16713776]
  - [ -0.96792387, -0.17144448, -0.18365775,  6.26325425]
  - [  0.00000000,  0.00000000,  0.00000000,  1.00000000]
  camera_model: pinhole
  distortion_coeffs: [ -0.19957400,  0.16977500, -0.00008300, -0.00020300,  0.00000000]
  distortion_model: plumb_bob
  intrinsics: [2174.42781900,2172.57924300,956.85045600,596.94859000]
  resolution: [1900,1200]
cam7:
  T_cam_body:
  - [  0.30272854,  0.95298411, -0.01329343, -1.85493032]
  - [  0.15386641, -0.06263322, -0.98610456,  1.43423477]
  - [ -0.94057459,  0.29647658, -0.16559311,  5.63295991]
  - [  0.00000000,  0.00000000,  0.00000000,  1.00000000]
  camera_model: pinhole
  distortion_coeffs: [ -0.19961400,  0.16420700, -0.00003500,  0.00040600,  0.00000000]
  distortion_model: plumb_bob
  intrinsics: [2174.75669700,2173.42025700,960.91814700,599.51184600]
  resolution: [1900,1200]
