cam0:
  T_cam_body:
  - [ -0.25850195, -0.96474498,  0.04943543,  2.19017363]
  - [  0.12674091, -0.08460356, -0.98832129,  0.33200012]
  - [  0.95766042, -0.24921749,  0.14414284,  0.16572446]
  - [  0.00000000,  0.00000000,  0.00000000,  1.00000000]
  camera_model: pinhole
  distortion_coeffs: [ -0.20016700,  0.16097300,  0.00039200, -0.00092100,  0.00000000]
  distortion_model: plumb_bob
  intrinsics: [2174.55148200,2172.55663800,959.19672800,613.07115500]
  resolution: [1920,1200]
cam1:
  T_cam_body:
  - [  0.22509557, -0.97394549,  0.02760740,  0.10260479]
  - [  0.15956156,  0.00889579, -0.98714790,  0.17296779]
  - [  0.96118265,  0.22660770,  0.15740667, -0.43310291]
  - [  0.00000000,  0.00000000,  0.00000000,  1.00000000]
  camera_model: pinhole
  distortion_coeffs: [ -0.20596600,  0.18770000, -0.00040500, -0.00052700,  0.00000000]
  distortion_model: plumb_bob
  intrinsics: [2175.13780800,2172.98911900,952.79468600,602.94764200]
  resolution: [1900,1200]
cam2:
  T_cam_body:
  - [  0.15891313, -0.98723140, -0.01099026,  0.16579415]
  - [ -0.17929678, -0.01791094, -0.98363197,  2.33025185]
  - [  0.97087552,  0.15828255, -0.17985370,  0.04161758]
  - [  0.00000000,  0.00000000,  0.00000000,  1.00000000]
  camera_model: pinhole
  distortion_coeffs: [ -0.18906700,  0.12491500,  0.00004300,  0.00029600,  0.00000000]
  distortion_model: plumb_bob
  intrinsics: [2168.75828100,2166.97968700,990.68865100,583.91409000]
  resolution: [1900,1200]
cam3:
  T_cam_body:
  - [ -0.22555546, -0.97422664, -0.00268218,  2.20507794]
  - [ -0.18148255,  0.04472193, -0.98237673,  2.21467813]
  - [  0.95717753, -0.22109366, -0.18689241,  0.54532791]
  - [  0.00000000,  0.00000000,  0.00000000,  1.00000000]
  camera_model: pinhole
  distortion_coeffs: [ -0.20373500,  0.17155500,  0.00030800,  0.00170700,  0.00000000]
  distortion_model: plumb_bob
  intrinsics: [2173.86677800,2171.87626100,976.88097600,604.27685400]
  resolution: [1900,1200]
cam4:
  T_cam_body:
  - [  0.22129850,  0.97446716, -0.03795700, -1.36228849]
  - [ -0.13369363, -0.00823912, -0.99098846,  1.00615791]
  - [ -0.96599844,  0.22437887,  0.12845675,  5.39815593]
  - [  0.00000000,  0.00000000,  0.00000000,  1.00000000]
  camera_model: pinhole
  distortion_coeffs: [ -0.19907400,  0.17018000,  0.00010400, -0.00099100,  0.00000000]
  distortion_model: plumb_bob
  intrinsics: [2167.49490200,2165.56980200,940.89474900,612.57647900]
  resolution: [1900,1200]
cam5:
  T_cam_body:
  - [ -0.29655974,  0.95501420,  0.00045318, -0.34034147]
  - [ -0.16840990, -0.05182908, -0.98435352,  1.28818861]
  - [ -0.94004810, -0.29199595,  0.17620426,  5.88448784]
  - [  0.00000000,  0.00000000,  0.00000000,  1.00000000]
  camera_model: pinhole
  distortion_coeffs: [ -0.20440700,  0.17692000, -0.00025400, -0.00018900,  0.00000000]
  distortion_model: plumb_bob
  intrinsics: [2169.53280200,2167.61894400,958.79047800,602.89947900]
  resolution: [1900,1200]
cam6:
  T_cam_body:
  - [ -0.17021052,  0.98505745, -0.02627180, -1.00735513]
  - [  0.18616003,  0.00596343, -0.98250134,  1.16495344]
  - [ -0.96766359, -0.17212282, -0.18439336,  6.26817125]
  - [  0.00000000,  0.00000000,  0.00000000,  1.00000000]
  camera_model: pinhole
  distortion_coeffs: [ -0.19957400,  0.16977500, -0.00008300, -0.00020300,  0.00000000]
  distortion_model: plumb_bob
  intrinsics: [2174.42781900,2172.57924300,956.85045600,596.94859000]
  resolution: [1900,1200]
cam7:
  T_cam_body:
  - [  0.30215802,  0.95316740, -0.01313128, -1.85524342]
  - [  0.15438657, -0.06252519, -0.98603012,  1.43272400]
  - [ -0.94067280,  0.29590962, -0.16604873,  5.63673502]
  - [  0.00000000,  0.00000000,  0.00000000,  1.00000000]
  camera_model: pinhole
  distortion_coeffs: [ -0.19961400,  0.16420700, -0.00003500,  0.00040600,  0.00000000]
  distortion_model: plumb_bob
  intrinsics: [2174.75669700,2173.42025700,960.91814700,599.51184600]
  resolution: [1900,1200]
