cam0:
  T_cam_body:
  - [ -0.25785481, -0.96489030,  0.04997600,  2.19117438]
  - [  0.12389583, -0.08431914, -0.98870628,  0.35392078]
  - [  0.95820703, -0.24875085,  0.14128798,  0.15438001]
  - [  0.00000000,  0.00000000,  0.00000000,  1.00000000]
  camera_model: pinhole
  distortion_coeffs: [ -0.20016700,  0.16097300,  0.00039200, -0.00092100,  0.00000000]
  distortion_model: plumb_bob
  intrinsics: [2174.55148200,2172.55663800,959.19672800,613.07115500]
  resolution: [1920,1200]
cam1:
  T_cam_body:
  - [  0.22481829, -0.97400864,  0.02763899,  0.10132620]
  - [  0.15990520,  0.00889867, -0.98709227,  0.17254417]
  - [  0.96119044,  0.22633601,  0.15774963, -0.43627020]
  - [  0.00000000,  0.00000000,  0.00000000,  1.00000000]
  camera_model: pinhole
  distortion_coeffs: [ -0.20596600,  0.18770000, -0.00040500, -0.00052700,  0.00000000]
  distortion_model: plumb_bob
  intrinsics: [2175.13780800,2172.98911900,952.79468600,602.94764200]
  resolution: [1900,1200]
cam2:
  T_cam_body:
  - [  0.15772108, -0.98741868, -0.01133230,  0.17228592]
  - [ -0.17716387, -0.01700505, -0.98403445,  2.32110710]
  - [  0.97146128,  0.15721064, -0.17761697,  0.03186158]
  - [  0.00000000,  0.00000000,  0.00000000,  1.00000000]
  camera_model: pinhole
  distortion_coeffs: [ -0.18906700,  0.12491500,  0.00004300,  0.00029600,  0.00000000]
  distortion_model: plumb_bob
  intrinsics: [2168.75828100,2166.97968700,990.68865100,583.91409000]
  resolution: [1900,1200]
cam3:
  T_cam_body:
  - [ -0.22651486, -0.97400130, -0.00353272,  2.21289852]
  - [ -0.18038950,  0.04551528, -0.98254160,  2.21012019]
  - [  0.95715759, -0.22192301, -0.18600950,  0.54310915]
  - [  0.00000000,  0.00000000,  0.00000000,  1.00000000]
  camera_model: pinhole
  distortion_coeffs: [ -0.20373500,  0.17155500,  0.00030800,  0.00170700,  0.00000000]
  distortion_model: plumb_bob
  intrinsics: [2173.86677800,2171.87626100,976.88097600,604.27685400]
  resolution: [1900,1200]
cam4:
  T_cam_body:
  - [  0.22113616,  0.97449522, -0.03818206, -1.35988400]
  - [ -0.13446926, -0.00830988, -0.99088292,  1.00840732]
  - [ -0.96592796,  0.22425435,  0.12920203,  5.39493934]
  - [  0.00000000,  0.00000000,  0.00000000,  1.00000000]
  camera_model: pinhole
  distortion_coeffs: [ -0.19907400,  0.17018000,  0.00010400, -0.00099100,  0.00000000]
  distortion_model: plumb_bob
  intrinsics: [2167.49490200,2165.56980200,940.89474900,612.57647900]
  resolution: [1900,1200]
cam5:
  T_cam_body:
  - [ -0.29541070,  0.95537030,  0.00032055, -0.34621466]
  - [ -0.16850312, -0.05177269, -0.98434053,  1.28805844]
  - [ -0.94039312, -0.29083874,  0.17627708,  5.88179529]
  - [  0.00000000,  0.00000000,  0.00000000,  1.00000000]
  camera_model: pinhole
  distortion_coeffs: [ -0.20440700,  0.17692000, -0.00025400, -0.00018900,  0.00000000]
  distortion_model: plumb_bob
  intrinsics: [2169.53280200,2167.61894400,958.79047800,602.89947900]
  resolution: [1900,1200]
cam6:
  T_cam_body:
  - [ -0.16952167,  0.98517291, -0.02639571, -1.00727810]
  - [  0.18556927,  0.00560429, -0.98261520,  1.16645273]
  - [ -0.96789795, -0.17147280, -0.18376787,  6.26416234]
  - [  0.00000000,  0.00000000,  0.00000000,  1.00000000]
  camera_model: pinhole
  distortion_coeffs: [ -0.19957400,  0.16977500, -0.00008300, -0.00020300,  0.00000000]
  distortion_model: plumb_bob
  intrinsics: [2174.42781900,2172.57924300,956.85045600,596.94859000]
  resolution: [1900,1200]
cam7:
  T_cam_body:
  - [  0.30274297,  0.95297904, -0.01332804, -1.85490259]
  - [  0.15418522, -0.06277216, -0.98604593,  1.43413804]
  - [ -0.94051774,  0.29646348, -0.16593912,  5.63426886]
  - [  0.00000000,  0.00000000,  0.00000000,  1.00000000]
  camera_model: pinhole
  distortion_coeffs: [ -0.19961400,  0.16420700, -0.00003500,  0.00040600,  0.00000000]
  distortion_model: plumb_bob
  intrinsics: [2174.75669700,2173.42025700,960.91814700,599.51184600]
  resolution: [1900,1200]
