cam0:
  T_cam_body:
  - [ -0.25673343, -0.96517754,  0.05020219,  2.19124759]
  - [  0.12430631, -0.08448756, -0.98864038,  0.35370184]
  - [  0.95845495, -0.24757659,  0.14166844,  0.15168332]
  - [  0.00000000,  0.00000000,  0.00000000,  1.00000000]
  camera_model: pinhole
  distortion_coeffs: [ -0.20016700,  0.16097300,  0.00039200, -0.00092100,  0.00000000]
  distortion_model: plumb_bob
  intrinsics: [2174.55148200,2172.55663800,959.19672800,613.07115500]
  resolution: [1920,1200]
cam1:
  T_cam_body:
  - [  0.22429761, -0.97411855,  0.02799351,  0.10136774]
  - [  0.16023095,  0.00852938, -0.98704270,  0.17248404]
  - [  0.96125784,  0.22587674,  0.15799706, -0.43657078]
  - [  0.00000000,  0.00000000,  0.00000000,  1.00000000]
  camera_model: pinhole
  distortion_coeffs: [ -0.20596600,  0.18770000, -0.00040500, -0.00052700,  0.00000000]
  distortion_model: plumb_bob
  intrinsics: [2175.13780800,2172.98911900,952.79468600,602.94764200]
  resolution: [1900,1200]
cam2:
  T_cam_body:
  - [  0.15779774, -0.98740735, -0.01125194,  0.17162146]
  - [ -0.17706549, -0.01708318, -0.98405080,  2.32184389]
  - [  0.97146677,  0.15727332, -0.17753146,  0.03107479]
  - [  0.00000000,  0.00000000,  0.00000000,  1.00000000]
  camera_model: pinhole
  distortion_coeffs: [ -0.18906700,  0.12491500,  0.00004300,  0.00029600,  0.00000000]
  distortion_model: plumb_bob
  intrinsics: [2168.75828100,2166.97968700,990.68865100,583.91409000]
  resolution: [1900,1200]
cam3:
  T_cam_body:
  - [ -0.22624816, -0.97406321, -0.00355442,  2.21172238]
  - [ -0.18027235,  0.04545777, -0.98256576,  2.20964100]
  - [  0.95724273, -0.22166293, -0.18588140,  0.54266545]
  - [  0.00000000,  0.00000000,  0.00000000,  1.00000000]
  camera_model: pinhole
  distortion_coeffs: [ -0.20373500,  0.17155500,  0.00030800,  0.00170700,  0.00000000]
  distortion_model: plumb_bob
  intrinsics: [2173.86677800,2171.87626100,976.88097600,604.27685400]
  resolution: [1900,1200]
cam4:
  T_cam_body:
  - [  0.22060385,  0.97461845, -0.03811587, -1.35665130]
  - [ -0.13453581, -0.00829957, -0.99087397,  1.00819763]
  - [ -0.96604040,  0.22371856,  0.12929016,  5.39518564]
  - [  0.00000000,  0.00000000,  0.00000000,  1.00000000]
  camera_model: pinhole
  distortion_coeffs: [ -0.19907400,  0.17018000,  0.00010400, -0.00099100,  0.00000000]
  distortion_model: plumb_bob
  intrinsics: [2167.49490200,2165.56980200,940.89474900,612.57647900]
  resolution: [1900,1200]
cam5:
  T_cam_body:
  - [ -0.29503966,  0.95548496,  0.00028565, -0.34931740]
  - [ -0.16850976, -0.05173905, -0.98434117,  1.28835586]
  - [ -0.94050841, -0.29046782,  0.17627361,  5.88107970]
  - [  0.00000000,  0.00000000,  0.00000000,  1.00000000]
  camera_model: pinhole
  distortion_coeffs: [ -0.20440700,  0.17692000, -0.00025400, -0.00018900,  0.00000000]
  distortion_model: plumb_bob
  intrinsics: [2169.53280200,2167.61894400,958.79047800,602.89947900]
  resolution: [1900,1200]
cam6:
  T_cam_body:
  - [ -0.16979070,  0.98512597, -0.02641879, -1.00648070]
  - [  0.18593367,  0.00569687, -0.98254578,  1.16441857]
  - [ -0.96778086, -0.17173927, -0.18413536,  6.26465891]
  - [  0.00000000,  0.00000000,  0.00000000,  1.00000000]
  camera_model: pinhole
  distortion_coeffs: [ -0.19957400,  0.16977500, -0.00008300, -0.00020300,  0.00000000]
  distortion_model: plumb_bob
  intrinsics: [2174.42781900,2172.57924300,956.85045600,596.94859000]
  resolution: [1900,1200]
cam7:
  T_cam_body:
  - [  0.30247008,  0.95306427, -0.01342971, -1.85396717]
  - [  0.15393249, -0.06274796, -0.98608696,  1.43424423]
  - [ -0.94064693,  0.29619453, -0.16568693,  5.63388283]
  - [  0.00000000,  0.00000000,  0.00000000,  1.00000000]
  camera_model: pinhole
  distortion_coeffs: [ -0.19961400,  0.16420700, -0.00003500,  0.00040600,  0.00000000]
  distortion_model: plumb_bob
  intrinsics: [2174.75669700,2173.42025700,960.91814700,599.51184600]
  resolution: [1900,1200]
