cam0:
  T_cam_body:
  - [ -0.25630069, -0.96532824,  0.04951115,  2.19197731]
  - [  0.12557090, -0.08404043, -0.98851867,  0.35087512]
  - [  0.95840592, -0.24714085,  0.14275675,  0.14896829]
  - [  0.00000000,  0.00000000,  0.00000000,  1.00000000]
  camera_model: pinhole
  distortion_coeffs: [ -0.20016700,  0.16097300,  0.00039200, -0.00092100,  0.00000000]
  distortion_model: plumb_bob
  intrinsics: [2174.55148200,2172.55663800,959.19672800,613.07115500]
  resolution: [1920,1200]
cam1:
  T_cam_body:
  - [  0.22382318, -0.97422781,  0.02798866,  0.10128330]
  - [  0.16027017,  0.00846449, -0.98703689,  0.17188955]
  - [  0.96136188,  0.22540748,  0.15803421, -0.43802620]
  - [  0.00000000,  0.00000000,  0.00000000,  1.00000000]
  camera_model: pinhole
  distortion_coeffs: [ -0.20596600,  0.18770000, -0.00040500, -0.00052700,  0.00000000]
  distortion_model: plumb_bob
  intrinsics: [2175.13780800,2172.98911900,952.79468600,602.94764200]
  resolution: [1900,1200]
cam2:
  T_cam_body:
  - [  0.15739537, -0.98746749, -0.01160402,  0.17271225]
  - [ -0.17643890, -0.01655782, -0.98417232,  2.32124736]
  - [  0.97164603,  0.15695156, -0.17683380,  0.02859261]
  - [  0.00000000,  0.00000000,  0.00000000,  1.00000000]
  camera_model: pinhole
  distortion_coeffs: [ -0.18906700,  0.12491500,  0.00004300,  0.00029600,  0.00000000]
  distortion_model: plumb_bob
  intrinsics: [2168.75828100,2166.97968700,990.68865100,583.91409000]
  resolution: [1900,1200]
cam3:
  T_cam_body:
  - [ -0.22626513, -0.97405853, -0.00375179,  2.21260572]
  - [ -0.17955005,  0.04549294, -0.98269638,  2.20860922]
  - [  0.95737447, -0.22167629, -0.18518572,  0.54051086]
  - [  0.00000000,  0.00000000,  0.00000000,  1.00000000]
  camera_model: pinhole
  distortion_coeffs: [ -0.20373500,  0.17155500,  0.00030800,  0.00170700,  0.00000000]
  distortion_model: plumb_bob
  intrinsics: [2173.86677800,2171.87626100,976.88097600,604.27685400]
  resolution: [1900,1200]
cam4:
  T_cam_body:
  - [  0.21897477,  0.97498099, -0.03823769, -1.34872936]
  - [ -0.13601041, -0.00830599, -0.99067259,  1.01081146]
  - [ -0.96620454,  0.22213302,  0.13078876,  5.39236799]
  - [  0.00000000,  0.00000000,  0.00000000,  1.00000000]
  camera_model: pinhole
  distortion_coeffs: [ -0.19907400,  0.17018000,  0.00010400, -0.00099100,  0.00000000]
  distortion_model: plumb_bob
  intrinsics: [2167.49490200,2165.56980200,940.89474900,612.57647900]
  resolution: [1900,1200]
cam5:
  T_cam_body:
  - [ -0.29397427,  0.95581329,  0.00026983, -0.35904520]
  - [ -0.16925714, -0.05177965, -0.98421079,  1.28916334]
  - [ -0.94070779, -0.28937832,  0.17700011,  5.87897915]
  - [  0.00000000,  0.00000000,  0.00000000,  1.00000000]
  camera_model: pinhole
  distortion_coeffs: [ -0.20440700,  0.17692000, -0.00025400, -0.00018900,  0.00000000]
  distortion_model: plumb_bob
  intrinsics: [2169.53280200,2167.61894400,958.79047800,602.89947900]
  resolution: [1900,1200]
cam6:
  T_cam_body:
  - [ -0.16987446,  0.98510919, -0.02650575, -1.00596616]
  - [  0.18516059,  0.00548878, -0.98269295,  1.16961244]
  - [ -0.96791437, -0.17184225, -0.18333580,  6.26268000]
  - [  0.00000000,  0.00000000,  0.00000000,  1.00000000]
  camera_model: pinhole
  distortion_coeffs: [ -0.19957400,  0.16977500, -0.00008300, -0.00020300,  0.00000000]
  distortion_model: plumb_bob
  intrinsics: [2174.42781900,2172.57924300,956.85045600,596.94859000]
  resolution: [1900,1200]
cam7:
  T_cam_body:
  - [  0.30251632,  0.95304804, -0.01353921, -1.85245023]
  - [  0.15274335, -0.06249519, -0.98628790,  1.43692123]
  - [ -0.94082588,  0.29630016, -0.16447757,  5.63115510]
  - [  0.00000000,  0.00000000,  0.00000000,  1.00000000]
  camera_model: pinhole
  distortion_coeffs: [ -0.19961400,  0.16420700, -0.00003500,  0.00040600,  0.00000000]
  distortion_model: plumb_bob
  intrinsics: [2174.75669700,2173.42025700,960.91814700,599.51184600]
  resolution: [1900,1200]
