cam0:
  T_cam_body:
  - [ -0.25746871, -0.96496144,  0.05058939,  2.19068677]
  - [  0.12362147, -0.08481819, -0.98869793,  0.35519617]
  - [  0.95834628, -0.24830485,  0.14112798,  0.15444096]
  - [  0.00000000,  0.00000000,  0.00000000,  1.00000000]
  camera_model: pinhole
  distortion_coeffs: [ -0.20016700,  0.16097300,  0.00039200, -0.00092100,  0.00000000]
  distortion_model: plumb_bob
  intrinsics: [2174.55148200,2172.55663800,959.19672800,613.07115500]
  resolution: [1920,1200]
cam1:
  T_cam_body:
  - [  0.22464676, -0.97403872,  0.02797134,  0.10121792]
  - [  0.16003983,  0.00856503, -0.98707340,  0.17279997]
  - [  0.96120814,  0.22621937,  0.15780909, -0.43577763]
  - [  0.00000000,  0.00000000,  0.00000000,  1.00000000]
  camera_model: pinhole
  distortion_coeffs: [ -0.20596600,  0.18770000, -0.00040500, -0.00052700,  0.00000000]
  distortion_model: plumb_bob
  intrinsics: [2175.13780800,2172.98911900,952.79468600,602.94764200]
  resolution: [1900,1200]
cam2:
  T_cam_body:
  - [  0.15842885, -0.98731018, -0.01090409,  0.16788561]
  - [ -0.17841075, -0.01776343, -0.98379574,  2.32855844]
  - [  0.97111786,  0.15780704, -0.17896099,  0.03692239]
  - [  0.00000000,  0.00000000,  0.00000000,  1.00000000]
  camera_model: pinhole
  distortion_coeffs: [ -0.18906700,  0.12491500,  0.00004300,  0.00029600,  0.00000000]
  distortion_model: plumb_bob
  intrinsics: [2168.75828100,2166.97968700,990.68865100,583.91409000]
  resolution: [1900,1200]
cam3:
  T_cam_body:
  - [ -0.22639507, -0.97403005, -0.00327535,  2.21190104]
  - [ -0.18064016,  0.04529027, -0.98250594,  2.21087257]
  - [  0.95713866, -0.22184284, -0.18620244,  0.54429763]
  - [  0.00000000,  0.00000000,  0.00000000,  1.00000000]
  camera_model: pinhole
  distortion_coeffs: [ -0.20373500,  0.17155500,  0.00030800,  0.00170700,  0.00000000]
  distortion_model: plumb_bob
  intrinsics: [2173.86677800,2171.87626100,976.88097600,604.27685400]
  resolution: [1900,1200]
cam4:
  T_cam_body:
  - [  0.22132818,  0.97445639, -0.03806017, -1.36054745]
  - [ -0.13433555, -0.00819088, -0.99090205,  1.00725846]
  - [ -0.96590258,  0.22442739,  0.12909127,  5.39525071]
  - [  0.00000000,  0.00000000,  0.00000000,  1.00000000]
  camera_model: pinhole
  distortion_coeffs: [ -0.19907400,  0.17018000,  0.00010400, -0.00099100,  0.00000000]
  distortion_model: plumb_bob
  intrinsics: [2167.49490200,2165.56980200,940.89474900,612.57647900]
  resolution: [1900,1200]
cam5:
  T_cam_body:
  - [ -0.29558014,  0.95531787,  0.00039195, -0.34491644]
  - [ -0.16839253, -0.05169762, -0.98436341,  1.28859386]
  - [ -0.94035969, -0.29102427,  0.17614918,  5.88219844]
  - [  0.00000000,  0.00000000,  0.00000000,  1.00000000]
  camera_model: pinhole
  distortion_coeffs: [ -0.20440700,  0.17692000, -0.00025400, -0.00018900,  0.00000000]
  distortion_model: plumb_bob
  intrinsics: [2169.53280200,2167.61894400,958.79047800,602.89947900]
  resolution: [1900,1200]
cam6:
  T_cam_body:
  - [ -0.16953571,  0.98517675, -0.02616145, -1.00742775]
  - [  0.18655143,  0.00601458, -0.98242679,  1.16108148]
  - [ -0.96770667, -0.17143688, -0.18480582,  6.26572854]
  - [  0.00000000,  0.00000000,  0.00000000,  1.00000000]
  camera_model: pinhole
  distortion_coeffs: [ -0.19957400,  0.16977500, -0.00008300, -0.00020300,  0.00000000]
  distortion_model: plumb_bob
  intrinsics: [2174.42781900,2172.57924300,956.85045600,596.94859000]
  resolution: [1900,1200]
cam7:
  T_cam_body:
  - [  0.30271354,  0.95299002, -0.01321073, -1.85472512]
  - [  0.15417076, -0.06264085, -0.98605654,  1.43348839]
  - [ -0.94052958,  0.29645596, -0.16588543,  5.63459927]
  - [  0.00000000,  0.00000000,  0.00000000,  1.00000000]
  camera_model: pinhole
  distortion_coeffs: [ -0.19961400,  0.16420700, -0.00003500,  0.00040600,  0.00000000]
  distortion_model: plumb_bob
  intrinsics: [2174.75669700,2173.42025700,960.91814700,599.51184600]
  resolution: [1900,1200]
