cam0:
  T_cam_body:
  - [ -0.25781610, -0.96487666,  0.05043704,  2.19138538]
  - [  0.12369225, -0.08473288, -0.98869640,  0.35467199]
  - [  0.95824375, -0.24866318,  0.14119327,  0.15354040]
  - [  0.00000000,  0.00000000,  0.00000000,  1.00000000]
  camera_model: pinhole
  distortion_coeffs: [ -0.20016700,  0.16097300,  0.00039200, -0.00092100,  0.00000000]
  distortion_model: plumb_bob
  intrinsics: [2174.55148200,2172.55663800,959.19672800,613.07115500]
  resolution: [1920,1200]
cam1:
  T_cam_body:
  - [  0.22491535, -0.97397821,  0.02792014,  0.10035742]
  - [  0.16014548,  0.00868650, -0.98705520,  0.17246507]
  - [  0.96112773,  0.22647515,  0.15793193, -0.43749061]
  - [  0.00000000,  0.00000000,  0.00000000,  1.00000000]
  camera_model: pinhole
  distortion_coeffs: [ -0.20596600,  0.18770000, -0.00040500, -0.00052700,  0.00000000]
  distortion_model: plumb_bob
  intrinsics: [2175.13780800,2172.98911900,952.79468600,602.94764200]
  resolution: [1900,1200]
cam2:
  T_cam_body:
  - [  0.15822650, -0.98734305, -0.01086609,  0.16959608]
  - [ -0.17755832, -0.01762580, -0.98395242,  2.32185050]
  - [  0.97130707,  0.15761671, -0.17809985,  0.03154297]
  - [  0.00000000,  0.00000000,  0.00000000,  1.00000000]
  camera_model: pinhole
  distortion_coeffs: [ -0.18906700,  0.12491500,  0.00004300,  0.00029600,  0.00000000]
  distortion_model: plumb_bob
  intrinsics: [2168.75828100,2166.97968700,990.68865100,583.91409000]
  resolution: [1900,1200]
cam3:
  T_cam_body:
  - [ -0.22658237, -0.97398574, -0.00349303,  2.21332675]
  - [ -0.18046017,  0.04550487, -0.98252910,  2.20989780]
  - [  0.95712829, -0.22199342, -0.18607623,  0.54312332]
  - [  0.00000000,  0.00000000,  0.00000000,  1.00000000]
  camera_model: pinhole
  distortion_coeffs: [ -0.20373500,  0.17155500,  0.00030800,  0.00170700,  0.00000000]
  distortion_model: plumb_bob
  intrinsics: [2173.86677800,2171.87626100,976.88097600,604.27685400]
  resolution: [1900,1200]
cam4:
  T_cam_body:
  - [  0.22171124,  0.97436761, -0.03810369, -1.36187352]
  - [ -0.13431937, -0.00818685, -0.99090427,  1.00692681]
  - [ -0.96581698,  0.22481268,  0.12906133,  5.39508461]
  - [  0.00000000,  0.00000000,  0.00000000,  1.00000000]
  camera_model: pinhole
  distortion_coeffs: [ -0.19907400,  0.17018000,  0.00010400, -0.00099100,  0.00000000]
  distortion_model: plumb_bob
  intrinsics: [2167.49490200,2165.56980200,940.89474900,612.57647900]
  resolution: [1900,1200]
cam5:
  T_cam_body:
  - [ -0.29579468,  0.95525146,  0.00039508, -0.34370898]
  - [ -0.16847277, -0.05176067, -0.98434636,  1.28854103]
  - [ -0.94027785, -0.29123097,  0.17624439,  5.88272042]
  - [  0.00000000,  0.00000000,  0.00000000,  1.00000000]
  camera_model: pinhole
  distortion_coeffs: [ -0.20440700,  0.17692000, -0.00025400, -0.00018900,  0.00000000]
  distortion_model: plumb_bob
  intrinsics: [2169.53280200,2167.61894400,958.79047800,602.89947900]
  resolution: [1900,1200]
cam6:
  T_cam_body:
  - [ -0.16945144,  0.98518879, -0.02625371, -1.00768582]
  - [  0.18571658,  0.00575870, -0.98258648,  1.16540711]
  - [ -0.96788200, -0.17137644, -0.18394172,  6.26469654]
  - [  0.00000000,  0.00000000,  0.00000000,  1.00000000]
  camera_model: pinhole
  distortion_coeffs: [ -0.19957400,  0.16977500, -0.00008300, -0.00020300,  0.00000000]
  distortion_model: plumb_bob
  intrinsics: [2174.42781900,2172.57924300,956.85045600,596.94859000]
  resolution: [1900,1200]
cam7:
  T_cam_body:
  - [  0.30272964,  0.95298494, -0.01320829, -1.85475509]
  - [  0.15417704, -0.06264324, -0.98605541,  1.43326339]
  - [ -0.94052337,  0.29647179, -0.16589237,  5.63478580]
  - [  0.00000000,  0.00000000,  0.00000000,  1.00000000]
  camera_model: pinhole
  distortion_coeffs: [ -0.19961400,  0.16420700, -0.00003500,  0.00040600,  0.00000000]
  distortion_model: plumb_bob
  intrinsics: [2174.75669700,2173.42025700,960.91814700,599.51184600]
  resolution: [1900,1200]
