cam0:
  T_cam_body:
  - [ -0.25776935, -0.96494355,  0.04938537,  2.19143102]
  - [  0.12407465, -0.08374745, -0.98873244,  0.35255921]
  - [  0.95820689, -0.24873745,  0.14131256,  0.15526541]
  - [  0.00000000,  0.00000000,  0.00000000,  1.00000000]
  camera_model: pinhole
  distortion_coeffs: [ -0.20016700,  0.16097300,  0.00039200, -0.00092100,  0.00000000]
  distortion_model: plumb_bob
  intrinsics: [2174.55148200,2172.55663800,959.19672800,613.07115500]
  resolution: [1920,1200]
cam1:
  T_cam_body:
  - [  0.22501154, -0.97397775,  0.02715044,  0.10194886]
  - [  0.15970096,  0.00937783, -0.98712089,  0.17314975]
  - [  0.96117918,  0.22644954,  0.15765530, -0.43530688]
  - [  0.00000000,  0.00000000,  0.00000000,  1.00000000]
  camera_model: pinhole
  distortion_coeffs: [ -0.20596600,  0.18770000, -0.00040500, -0.00052700,  0.00000000]
  distortion_model: plumb_bob
  intrinsics: [2175.13780800,2172.98911900,952.79468600,602.94764200]
  resolution: [1900,1200]
cam2:
  T_cam_body:
  - [  0.15759574, -0.98743196, -0.01190390,  0.17341529]
  - [ -0.17754333, -0.01647398, -0.98397509,  2.32215707]
  - [  0.97141235,  0.15718374, -0.17790818,  0.03321636]
  - [  0.00000000,  0.00000000,  0.00000000,  1.00000000]
  camera_model: pinhole
  distortion_coeffs: [ -0.18906700,  0.12491500,  0.00004300,  0.00029600,  0.00000000]
  distortion_model: plumb_bob
  intrinsics: [2168.75828100,2166.97968700,990.68865100,583.91409000]
  resolution: [1900,1200]
cam3:
  T_cam_body:
  - [ -0.22647709, -0.97400800, -0.00406710,  2.21361858]
  - [ -0.18036387,  0.04604100, -0.98252181,  2.20878144]
  - [  0.95717135, -0.22178512, -0.18610309,  0.54392737]
  - [  0.00000000,  0.00000000,  0.00000000,  1.00000000]
  camera_model: pinhole
  distortion_coeffs: [ -0.20373500,  0.17155500,  0.00030800,  0.00170700,  0.00000000]
  distortion_model: plumb_bob
  intrinsics: [2173.86677800,2171.87626100,976.88097600,604.27685400]
  resolution: [1900,1200]
cam4:
  T_cam_body:
  - [  0.22012738,  0.97473070, -0.03799996, -1.35341200]
  - [ -0.13453516, -0.00824671, -0.99087450,  1.00874930]
  - [ -0.96614917,  0.22323094,  0.12932023,  5.39705434]
  - [  0.00000000,  0.00000000,  0.00000000,  1.00000000]
  camera_model: pinhole
  distortion_coeffs: [ -0.19907400,  0.17018000,  0.00010400, -0.00099100,  0.00000000]
  distortion_model: plumb_bob
  intrinsics: [2167.49490200,2165.56980200,940.89474900,612.57647900]
  resolution: [1900,1200]
cam5:
  T_cam_body:
  - [ -0.29492723,  0.95551967,  0.00029672, -0.34924694]
  - [ -0.16826979, -0.05163186, -0.98438784,  1.28778262]
  - [ -0.94058663, -0.29037271,  0.17601274,  5.88255069]
  - [  0.00000000,  0.00000000,  0.00000000,  1.00000000]
  camera_model: pinhole
  distortion_coeffs: [ -0.20440700,  0.17692000, -0.00025400, -0.00018900,  0.00000000]
  distortion_model: plumb_bob
  intrinsics: [2169.53280200,2167.61894400,958.79047800,602.89947900]
  resolution: [1900,1200]
cam6:
  T_cam_body:
  - [ -0.16953262,  0.98517121, -0.02638897, -1.00695818]
  - [  0.18560284,  0.00561902, -0.98260878,  1.16727969]
  - [ -0.96788960, -0.17148211, -0.18380318,  6.26476369]
  - [  0.00000000,  0.00000000,  0.00000000,  1.00000000]
  camera_model: pinhole
  distortion_coeffs: [ -0.19957400,  0.16977500, -0.00008300, -0.00020300,  0.00000000]
  distortion_model: plumb_bob
  intrinsics: [2174.42781900,2172.57924300,956.85045600,596.94859000]
  resolution: [1900,1200]
cam7:
  T_cam_body:
  - [  0.30255179,  0.95304106, -0.01323414, -1.85481724]
  - [  0.15409583, -0.06261195, -0.98607009,  1.43379884]
  - [ -0.94059390,  0.29629795, -0.16580301,  5.63430816]
  - [  0.00000000,  0.00000000,  0.00000000,  1.00000000]
  camera_model: pinhole
  distortion_coeffs: [ -0.19961400,  0.16420700, -0.00003500,  0.00040600,  0.00000000]
  distortion_model: plumb_bob
  intrinsics: [2174.75669700,2173.42025700,960.91814700,599.51184600]
  resolution: [1900,1200]
