cam0:
  T_cam_body:
  - [ -0.25529365, -0.96552607,  0.05083864,  2.19140043]
  - [  0.12377659, -0.08478548, -0.98868133,  0.35504571]
  - [  0.95890798, -0.24611143,  0.14115472,  0.14885014]
  - [  0.00000000,  0.00000000,  0.00000000,  1.00000000]
  camera_model: pinhole
  distortion_coeffs: [ -0.20016700,  0.16097300,  0.00039200, -0.00092100,  0.00000000]
  distortion_model: plumb_bob
  intrinsics: [2174.55148200,2172.55663800,959.19672800,613.07115500]
  resolution: [1920,1200]
cam1:
  T_cam_body:
  - [  0.22357064, -0.97426324,  0.02876310,  0.10141497]
  - [  0.16048724,  0.00768871, -0.98700797,  0.17231442]
  - [  0.96138443,  0.22528211,  0.15807579, -0.43561810]
  - [  0.00000000,  0.00000000,  0.00000000,  1.00000000]
  camera_model: pinhole
  distortion_coeffs: [ -0.20596600,  0.18770000, -0.00040500, -0.00052700,  0.00000000]
  distortion_model: plumb_bob
  intrinsics: [2175.13780800,2172.98911900,952.79468600,602.94764200]
  resolution: [1900,1200]
cam2:
  T_cam_body:
  - [  0.15833213, -0.98732728, -0.01075995,  0.16959010]
  - [ -0.17804105, -0.01782927, -0.98386153,  2.32724852]
  - [  0.97120148,  0.15769260, -0.17860773,  0.03443715]
  - [  0.00000000,  0.00000000,  0.00000000,  1.00000000]
  camera_model: pinhole
  distortion_coeffs: [ -0.18906700,  0.12491500,  0.00004300,  0.00029600,  0.00000000]
  distortion_model: plumb_bob
  intrinsics: [2168.75828100,2166.97968700,990.68865100,583.91409000]
  resolution: [1900,1200]
cam3:
  T_cam_body:
  - [ -0.22538878, -0.97426327, -0.00331462,  2.20526714]
  - [ -0.18008711,  0.04500491, -0.98262057,  2.20834343]
  - [  0.95748030, -0.22087473, -0.18559586,  0.53796467]
  - [  0.00000000,  0.00000000,  0.00000000,  1.00000000]
  camera_model: pinhole
  distortion_coeffs: [ -0.20373500,  0.17155500,  0.00030800,  0.00170700,  0.00000000]
  distortion_model: plumb_bob
  intrinsics: [2173.86677800,2171.87626100,976.88097600,604.27685400]
  resolution: [1900,1200]
cam4:
  T_cam_body:
  - [  0.21995870,  0.97476809, -0.03801774, -1.35219574]
  - [ -0.13433553, -0.00833382, -0.99090086,  1.00734073]
  - [ -0.96621537,  0.22306439,  0.12911289,  5.39620448]
  - [  0.00000000,  0.00000000,  0.00000000,  1.00000000]
  camera_model: pinhole
  distortion_coeffs: [ -0.19907400,  0.17018000,  0.00010400, -0.00099100,  0.00000000]
  distortion_model: plumb_bob
  intrinsics: [2167.49490200,2165.56980200,940.89474900,612.57647900]
  resolution: [1900,1200]
cam5:
  T_cam_body:
  - [ -0.29511126,  0.95546286,  0.00027813, -0.34863448]
  - [ -0.16838210, -0.05172119, -0.98436395,  1.28787090]
  - [ -0.94050881, -0.29054371,  0.17614634,  5.88129555]
  - [  0.00000000,  0.00000000,  0.00000000,  1.00000000]
  camera_model: pinhole
  distortion_coeffs: [ -0.20440700,  0.17692000, -0.00025400, -0.00018900,  0.00000000]
  distortion_model: plumb_bob
  intrinsics: [2169.53280200,2167.61894400,958.79047800,602.89947900]
  resolution: [1900,1200]
cam6:
  T_cam_body:
  - [ -0.16980544,  0.98512710, -0.02628145, -1.00614127]
  - [  0.18594292,  0.00583830, -0.98254320,  1.16461514]
  - [ -0.96777649, -0.17172803, -0.18416879,  6.26437131]
  - [  0.00000000,  0.00000000,  0.00000000,  1.00000000]
  camera_model: pinhole
  distortion_coeffs: [ -0.19957400,  0.16977500, -0.00008300, -0.00020300,  0.00000000]
  distortion_model: plumb_bob
  intrinsics: [2174.42781900,2172.57924300,956.85045600,596.94859000]
  resolution: [1900,1200]
cam7:
  T_cam_body:
  - [  0.30250308,  0.95305536, -0.01331813, -1.85398213]
  - [  0.15396441, -0.06264858, -0.98608829,  1.43451600]
  - [ -0.94063109,  0.29624422, -0.16568799,  5.63356162]
  - [  0.00000000,  0.00000000,  0.00000000,  1.00000000]
  camera_model: pinhole
  distortion_coeffs: [ -0.19961400,  0.16420700, -0.00003500,  0.00040600,  0.00000000]
  distortion_model: plumb_bob
  intrinsics: [2174.75669700,2173.42025700,960.91814700,599.51184600]
  resolution: [1900,1200]
