cam0:
  T_cam_body:
  - [ -0.25854674, -0.96471323,  0.04981929,  2.19268910]
  - [  0.12351778, -0.08416468, -0.98876674,  0.35422093]
  - [  0.95806938, -0.24948885,  0.14091974,  0.15367587]
  - [  0.00000000,  0.00000000,  0.00000000,  1.00000000]
  camera_model: pinhole
  distortion_coeffs: [ -0.20016700,  0.16097300,  0.00039200, -0.00092100,  0.00000000]
  distortion_model: plumb_bob
  intrinsics: [2174.55148200,2172.55663800,959.19672800,613.07115500]
  resolution: [1920,1200]
cam1:
  T_cam_body:
  - [  0.22324047, -0.97438317,  0.02722373,  0.11207622]
  - [  0.16020090,  0.00912613, -0.98704224,  0.16840233]
  - [  0.96150890,  0.22470904,  0.15813438, -0.42903944]
  - [  0.00000000,  0.00000000,  0.00000000,  1.00000000]
  camera_model: pinhole
  distortion_coeffs: [ -0.20596600,  0.18770000, -0.00040500, -0.00052700,  0.00000000]
  distortion_model: plumb_bob
  intrinsics: [2175.13780800,2172.98911900,952.79468600,602.94764200]
  resolution: [1900,1200]
cam2:
  T_cam_body:
  - [  0.15794361, -0.98738443, -0.01121647,  0.17187576]
  - [ -0.17892586, -0.01744656, -0.98370786,  2.32599577]
  - [  0.97110213,  0.15737729, -0.17942418,  0.04639521]
  - [  0.00000000,  0.00000000,  0.00000000,  1.00000000]
  camera_model: pinhole
  distortion_coeffs: [ -0.18906700,  0.12491500,  0.00004300,  0.00029600,  0.00000000]
  distortion_model: plumb_bob
  intrinsics: [2168.75828100,2166.97968700,990.68865100,583.91409000]
  resolution: [1900,1200]
cam3:
  T_cam_body:
  - [ -0.22743692, -0.97378359, -0.00423869,  2.21785776]
  - [ -0.18236264,  0.04686757, -0.98211369,  2.21735577]
  - [  0.95656485, -0.22259594, -0.18824116,  0.55255319]
  - [  0.00000000,  0.00000000,  0.00000000,  1.00000000]
  camera_model: pinhole
  distortion_coeffs: [ -0.20373500,  0.17155500,  0.00030800,  0.00170700,  0.00000000]
  distortion_model: plumb_bob
  intrinsics: [2173.86677800,2171.87626100,976.88097600,604.27685400]
  resolution: [1900,1200]
cam4:
  T_cam_body:
  - [  0.22249784,  0.97419904, -0.03782781, -1.36466410]
  - [ -0.13444594, -0.00776976, -0.99089047,  1.00341734]
  - [ -0.96561846,  0.22555679,  0.12924835,  5.39348936]
  - [  0.00000000,  0.00000000,  0.00000000,  1.00000000]
  camera_model: pinhole
  distortion_coeffs: [ -0.19907400,  0.17018000,  0.00010400, -0.00099100,  0.00000000]
  distortion_model: plumb_bob
  intrinsics: [2167.49490200,2165.56980200,940.89474900,612.57647900]
  resolution: [1900,1200]
cam5:
  T_cam_body:
  - [ -0.29558624,  0.95531600,  0.00034203, -0.34440426]
  - [ -0.16780441, -0.05156823, -0.98447062,  1.28614266]
  - [ -0.94046289, -0.29105336,  0.17554910,  5.88376182]
  - [  0.00000000,  0.00000000,  0.00000000,  1.00000000]
  camera_model: pinhole
  distortion_coeffs: [ -0.20440700,  0.17692000, -0.00025400, -0.00018900,  0.00000000]
  distortion_model: plumb_bob
  intrinsics: [2169.53280200,2167.61894400,958.79047800,602.89947900]
  resolution: [1900,1200]
cam6:
  T_cam_body:
  - [ -0.16949530,  0.98517882, -0.02634466, -1.00711528]
  - [  0.18583362,  0.00569703, -0.98256471,  1.16765036]
  - [ -0.96785185, -0.17143582, -0.18404497,  6.26599764]
  - [  0.00000000,  0.00000000,  0.00000000,  1.00000000]
  camera_model: pinhole
  distortion_coeffs: [ -0.19957400,  0.16977500, -0.00008300, -0.00020300,  0.00000000]
  distortion_model: plumb_bob
  intrinsics: [2174.42781900,2172.57924300,956.85045600,596.94859000]
  resolution: [1900,1200]
cam7:
  T_cam_body:
  - [  0.30235991,  0.95310714, -0.01285531, -1.85521337]
  - [  0.15505779, -0.06248789, -0.98592715,  1.43220806]
  - [ -0.94049751,  0.29611153, -0.16668052,  5.63589732]
  - [  0.00000000,  0.00000000,  0.00000000,  1.00000000]
  camera_model: pinhole
  distortion_coeffs: [ -0.19961400,  0.16420700, -0.00003500,  0.00040600,  0.00000000]
  distortion_model: plumb_bob
  intrinsics: [2174.75669700,2173.42025700,960.91814700,599.51184600]
  resolution: [1900,1200]
