cam0:
  T_cam_body:
  - [ -0.25538555, -0.96555379,  0.04984072,  2.19160469]
  - [  0.12455273, -0.08397682, -0.98865288,  0.35216658]
  - [  0.95878300, -0.24627986,  0.14170882,  0.14959167]
  - [  0.00000000,  0.00000000,  0.00000000,  1.00000000]
  camera_model: pinhole
  distortion_coeffs: [ -0.20016700,  0.16097300,  0.00039200, -0.00092100,  0.00000000]
  distortion_model: plumb_bob
  intrinsics: [2174.55148200,2172.55663800,959.19672800,613.07115500]
  resolution: [1920,1200]
cam1:
  T_cam_body:
  - [  0.22355637, -0.97429344,  0.02783607,  0.10177223]
  - [  0.16013980,  0.00854411, -0.98705737,  0.17245701]
  - [  0.96144568,  0.22512062,  0.15793325, -0.43631486]
  - [  0.00000000,  0.00000000,  0.00000000,  1.00000000]
  camera_model: pinhole
  distortion_coeffs: [ -0.20596600,  0.18770000, -0.00040500, -0.00052700,  0.00000000]
  distortion_model: plumb_bob
  intrinsics: [2175.13780800,2172.98911900,952.79468600,602.94764200]
  resolution: [1900,1200]
cam2:
  T_cam_body:
  - [  0.15758855, -0.98744156, -0.01118096,  0.17218621]
  - [ -0.17746403, -0.01718024, -0.98397732,  2.32564974]
  - [  0.97142800,  0.15704778, -0.17794277,  0.03267753]
  - [  0.00000000,  0.00000000,  0.00000000,  1.00000000]
  camera_model: pinhole
  distortion_coeffs: [ -0.18906700,  0.12491500,  0.00004300,  0.00029600,  0.00000000]
  distortion_model: plumb_bob
  intrinsics: [2168.75828100,2166.97968700,990.68865100,583.91409000]
  resolution: [1900,1200]
cam3:
  T_cam_body:
  - [ -0.22533092, -0.97427621, -0.00344271,  2.20618853]
  - [ -0.17945991,  0.04497815, -0.98273654,  2.20713779]
  - [  0.95761167, -0.22082310, -0.18497849,  0.53784992]
  - [  0.00000000,  0.00000000,  0.00000000,  1.00000000]
  camera_model: pinhole
  distortion_coeffs: [ -0.20373500,  0.17155500,  0.00030800,  0.00170700,  0.00000000]
  distortion_model: plumb_bob
  intrinsics: [2173.86677800,2171.87626100,976.88097600,604.27685400]
  resolution: [1900,1200]
cam4:
  T_cam_body:
  - [  0.21884764,  0.97501562, -0.03808209, -1.34758295]
  - [ -0.13433929, -0.00854925, -0.99089851,  1.00868396]
  - [ -0.96646710,  0.22197172,  0.12911192,  5.39708341]
  - [  0.00000000,  0.00000000,  0.00000000,  1.00000000]
  camera_model: pinhole
  distortion_coeffs: [ -0.19907400,  0.17018000,  0.00010400, -0.00099100,  0.00000000]
  distortion_model: plumb_bob
  intrinsics: [2167.49490200,2165.56980200,940.89474900,612.57647900]
  resolution: [1900,1200]
cam5:
  T_cam_body:
  - [ -0.29463138,  0.95561097,  0.00016760, -0.35501249]
  - [ -0.16902831, -0.05194173, -0.98424158,  1.28779100]
  - [ -0.94054334, -0.29001679,  0.17682897,  5.88043560]
  - [  0.00000000,  0.00000000,  0.00000000,  1.00000000]
  camera_model: pinhole
  distortion_coeffs: [ -0.20440700,  0.17692000, -0.00025400, -0.00018900,  0.00000000]
  distortion_model: plumb_bob
  intrinsics: [2169.53280200,2167.61894400,958.79047800,602.89947900]
  resolution: [1900,1200]
cam6:
  T_cam_body:
  - [ -0.16985009,  0.98511606, -0.02640638, -1.00599038]
  - [  0.18535447,  0.00561770, -0.98265567,  1.16862490]
  - [ -0.96788154, -0.17179869, -0.18354983,  6.26322598]
  - [  0.00000000,  0.00000000,  0.00000000,  1.00000000]
  camera_model: pinhole
  distortion_coeffs: [ -0.19957400,  0.16977500, -0.00008300, -0.00020300,  0.00000000]
  distortion_model: plumb_bob
  intrinsics: [2174.42781900,2172.57924300,956.85045600,596.94859000]
  resolution: [1900,1200]
cam7:
  T_cam_body:
  - [  0.30213283,  0.95317146, -0.01341371, -1.85365321]
  - [  0.15382778, -0.06263702, -0.98611035,  1.43583046]
  - [ -0.94077243,  0.29587290, -0.16554895,  5.63297126]
  - [  0.00000000,  0.00000000,  0.00000000,  1.00000000]
  camera_model: pinhole
  distortion_coeffs: [ -0.19961400,  0.16420700, -0.00003500,  0.00040600,  0.00000000]
  distortion_model: plumb_bob
  intrinsics: [2174.75669700,2173.42025700,960.91814700,599.51184600]
  resolution: [1900,1200]
