cam0:
  T_cam_body:
  - [ -0.25854986, -0.96465875,  0.05084752,  2.19029194]
  - [  0.12273751, -0.08501590, -0.98879108,  0.35597400]
  - [  0.95816881, -0.24941089,  0.14038066,  0.15736409]
  - [  0.00000000,  0.00000000,  0.00000000,  1.00000000]
  camera_model: pinhole
  distortion_coeffs: [ -0.20016700,  0.16097300,  0.00039200, -0.00092100,  0.00000000]
  distortion_model: plumb_bob
  intrinsics: [2174.55148200,2172.55663800,959.19672800,613.07115500]
  resolution: [1920,1200]
cam1:
  T_cam_body:
  - [  0.22530314, -0.97388474,  0.02805380,  0.10105439]
  - [  0.15959336,  0.00848527, -0.98714637,  0.17371543]
  - [  0.96112874,  0.22688438,  0.15733729, -0.43479690]
  - [  0.00000000,  0.00000000,  0.00000000,  1.00000000]
  camera_model: pinhole
  distortion_coeffs: [ -0.20596600,  0.18770000, -0.00040500, -0.00052700,  0.00000000]
  distortion_model: plumb_bob
  intrinsics: [2175.13780800,2172.98911900,952.79468600,602.94764200]
  resolution: [1900,1200]
cam2:
  T_cam_body:
  - [  0.15897302, -0.98722935, -0.01028555,  0.16559753]
  - [ -0.17959986, -0.01867352, -0.98356250,  2.33141908]
  - [  0.97080970,  0.15820719, -0.18027484,  0.04082242]
  - [  0.00000000,  0.00000000,  0.00000000,  1.00000000]
  camera_model: pinhole
  distortion_coeffs: [ -0.18906700,  0.12491500,  0.00004300,  0.00029600,  0.00000000]
  distortion_model: plumb_bob
  intrinsics: [2168.75828100,2166.97968700,990.68865100,583.91409000]
  resolution: [1900,1200]
cam3:
  T_cam_body:
  - [ -0.22633550, -0.97404542, -0.00278581,  2.21134901]
  - [ -0.18121655,  0.04491841, -0.98241687,  2.21197039]
  - [  0.95704378, -0.22185098, -0.18667978,  0.54562116]
  - [  0.00000000,  0.00000000,  0.00000000,  1.00000000]
  camera_model: pinhole
  distortion_coeffs: [ -0.20373500,  0.17155500,  0.00030800,  0.00170700,  0.00000000]
  distortion_model: plumb_bob
  intrinsics: [2173.86677800,2171.87626100,976.88097600,604.27685400]
  resolution: [1900,1200]
cam4:
  T_cam_body:
  - [  0.22345839,  0.97398214, -0.03775107, -1.37233689]
  - [ -0.13348754, -0.00778572, -0.99101991,  1.00342884]
  - [ -0.96552961,  0.22649101,  0.12827469,  5.39528980]
  - [  0.00000000,  0.00000000,  0.00000000,  1.00000000]
  camera_model: pinhole
  distortion_coeffs: [ -0.19907400,  0.17018000,  0.00010400, -0.00099100,  0.00000000]
  distortion_model: plumb_bob
  intrinsics: [2167.49490200,2165.56980200,940.89474900,612.57647900]
  resolution: [1900,1200]
cam5:
  T_cam_body:
  - [ -0.29677665,  0.95494677,  0.00053106, -0.33765143]
  - [ -0.16787419, -0.05162417, -0.98445579,  1.28651988]
  - [ -0.94007546, -0.29225264,  0.17563177,  5.88542503]
  - [  0.00000000,  0.00000000,  0.00000000,  1.00000000]
  camera_model: pinhole
  distortion_coeffs: [ -0.20440700,  0.17692000, -0.00025400, -0.00018900,  0.00000000]
  distortion_model: plumb_bob
  intrinsics: [2169.53280200,2167.61894400,958.79047800,602.89947900]
  resolution: [1900,1200]
cam6:
  T_cam_body:
  - [ -0.16935191,  0.98520717, -0.02620630, -1.00773784]
  - [  0.18595447,  0.00582921, -0.98254107,  1.16565248]
  - [ -0.96785374, -0.17126838, -0.18419086,  6.26559133]
  - [  0.00000000,  0.00000000,  0.00000000,  1.00000000]
  camera_model: pinhole
  distortion_coeffs: [ -0.19957400,  0.16977500, -0.00008300, -0.00020300,  0.00000000]
  distortion_model: plumb_bob
  intrinsics: [2174.42781900,2172.57924300,956.85045600,596.94859000]
  resolution: [1900,1200]
cam7:
  T_cam_body:
  - [  0.30253264,  0.95305045, -0.01299349, -1.85496793]
  - [  0.15457451, -0.06251027, -0.98600162,  1.43252038]
  - [ -0.94052152,  0.29628921, -0.16622870,  5.63597339]
  - [  0.00000000,  0.00000000,  0.00000000,  1.00000000]
  camera_model: pinhole
  distortion_coeffs: [ -0.19961400,  0.16420700, -0.00003500,  0.00040600,  0.00000000]
  distortion_model: plumb_bob
  intrinsics: [2174.75669700,2173.42025700,960.91814700,599.51184600]
  resolution: [1900,1200]
