cam0:
  T_cam_body:
  - [ -0.25717936, -0.96509536,  0.04949473,  2.19110427]
  - [  0.12509154, -0.08403363, -0.98858002,  0.35107092]
  - [  0.95823321, -0.24805101,  0.14233698,  0.15107028]
  - [  0.00000000,  0.00000000,  0.00000000,  1.00000000]
  camera_model: pinhole
  distortion_coeffs: [ -0.20016700,  0.16097300,  0.00039200, -0.00092100,  0.00000000]
  distortion_model: plumb_bob
  intrinsics: [2174.55148200,2172.55663800,959.19672800,613.07115500]
  resolution: [1920,1200]
cam1:
  T_cam_body:
  - [  0.22496313, -0.97397394,  0.02768307,  0.10112171]
  - [  0.16028672,  0.00896799, -0.98702976,  0.17153308]
  - [  0.96109300,  0.22648253,  0.15813255, -0.43785561]
  - [  0.00000000,  0.00000000,  0.00000000,  1.00000000]
  camera_model: pinhole
  distortion_coeffs: [ -0.20596600,  0.18770000, -0.00040500, -0.00052700,  0.00000000]
  distortion_model: plumb_bob
  intrinsics: [2175.13780800,2172.98911900,952.79468600,602.94764200]
  resolution: [1900,1200]
cam2:
  T_cam_body:
  - [  0.15757406, -0.98743902, -0.01160175,  0.17218743]
  - [ -0.17647746, -0.01659874, -0.98416472,  2.32081267]
  - [  0.97161007,  0.15712627, -0.17687626,  0.02855199]
  - [  0.00000000,  0.00000000,  0.00000000,  1.00000000]
  camera_model: pinhole
  distortion_coeffs: [ -0.18906700,  0.12491500,  0.00004300,  0.00029600,  0.00000000]
  distortion_model: plumb_bob
  intrinsics: [2168.75828100,2166.97968700,990.68865100,583.91409000]
  resolution: [1900,1200]
cam3:
  T_cam_body:
  - [ -0.22629471, -0.97405239, -0.00355630,  2.21227814]
  - [ -0.17954498,  0.04530031, -0.98270620,  2.20931642]
  - [  0.95736843, -0.22174269, -0.18513744,  0.54041707]
  - [  0.00000000,  0.00000000,  0.00000000,  1.00000000]
  camera_model: pinhole
  distortion_coeffs: [ -0.20373500,  0.17155500,  0.00030800,  0.00170700,  0.00000000]
  distortion_model: plumb_bob
  intrinsics: [2173.86677800,2171.87626100,976.88097600,604.27685400]
  resolution: [1900,1200]
cam4:
  T_cam_body:
  - [  0.21968244,  0.97482858, -0.03806407, -1.35273052]
  - [ -0.13571062, -0.00810135, -0.99071540,  1.00891721]
  - [ -0.96608605,  0.22280847,  0.13051487,  5.39164380]
  - [  0.00000000,  0.00000000,  0.00000000,  1.00000000]
  camera_model: pinhole
  distortion_coeffs: [ -0.19907400,  0.17018000,  0.00010400, -0.00099100,  0.00000000]
  distortion_model: plumb_bob
  intrinsics: [2167.49490200,2165.56980200,940.89474900,612.57647900]
  resolution: [1900,1200]
cam5:
  T_cam_body:
  - [ -0.29438186,  0.95568782,  0.00033611, -0.35605366]
  - [ -0.16901482, -0.05171571, -0.98425580,  1.28681395]
  - [ -0.94062389, -0.28980386,  0.17674957,  5.87954263]
  - [  0.00000000,  0.00000000,  0.00000000,  1.00000000]
  camera_model: pinhole
  distortion_coeffs: [ -0.20440700,  0.17692000, -0.00025400, -0.00018900,  0.00000000]
  distortion_model: plumb_bob
  intrinsics: [2169.53280200,2167.61894400,958.79047800,602.89947900]
  resolution: [1900,1200]
cam6:
  T_cam_body:
  - [ -0.16985672,  0.98510972, -0.02659936, -1.00532830]
  - [  0.18457036,  0.00528726, -0.98280508,  1.17336691]
  - [ -0.96803020, -0.17184550, -0.18272013,  6.26237141]
  - [  0.00000000,  0.00000000,  0.00000000,  1.00000000]
  camera_model: pinhole
  distortion_coeffs: [ -0.19957400,  0.16977500, -0.00008300, -0.00020300,  0.00000000]
  distortion_model: plumb_bob
  intrinsics: [2174.42781900,2172.57924300,956.85045600,596.94859000]
  resolution: [1900,1200]
cam7:
  T_cam_body:
  - [  0.30260927,  0.95301858, -0.01353601, -1.85279127]
  - [  0.15284171, -0.06253968, -0.98626984,  1.43723300]
  - [ -0.94078002,  0.29638553, -0.16458608,  5.63103129]
  - [  0.00000000,  0.00000000,  0.00000000,  1.00000000]
  camera_model: pinhole
  distortion_coeffs: [ -0.19961400,  0.16420700, -0.00003500,  0.00040600,  0.00000000]
  distortion_model: plumb_bob
  intrinsics: [2174.75669700,2173.42025700,960.91814700,599.51184600]
  resolution: [1900,1200]
