cam0:
  T_cam_body:
  - [ -0.25649277, -0.96524616,  0.05011292,  2.19163900]
  - [  0.12472810, -0.08446854, -0.98858888,  0.35270752]
  - [  0.95846458, -0.24731541,  0.14205889,  0.15113374]
  - [  0.00000000,  0.00000000,  0.00000000,  1.00000000]
  camera_model: pinhole
  distortion_coeffs: [ -0.20016700,  0.16097300,  0.00039200, -0.00092100,  0.00000000]
  distortion_model: plumb_bob
  intrinsics: [2174.55148200,2172.55663800,959.19672800,613.07115500]
  resolution: [1920,1200]
cam1:
  T_cam_body:
  - [  0.22446232, -0.97408680,  0.02777710,  0.10092869]
  - [  0.16026242,  0.00878350, -0.98703536,  0.17230864]
  - [  0.96121414,  0.22600387,  0.15808107, -0.43742403]
  - [  0.00000000,  0.00000000,  0.00000000,  1.00000000]
  camera_model: pinhole
  distortion_coeffs: [ -0.20596600,  0.18770000, -0.00040500, -0.00052700,  0.00000000]
  distortion_model: plumb_bob
  intrinsics: [2175.13780800,2172.98911900,952.79468600,602.94764200]
  resolution: [1900,1200]
cam2:
  T_cam_body:
  - [  0.15823023, -0.98733701, -0.01134979,  0.16920760]
  - [ -0.17757416, -0.01714702, -0.98395803,  2.32684111]
  - [  0.97130356,  0.15770733, -0.17803872,  0.03265830]
  - [  0.00000000,  0.00000000,  0.00000000,  1.00000000]
  camera_model: pinhole
  distortion_coeffs: [ -0.18906700,  0.12491500,  0.00004300,  0.00029600,  0.00000000]
  distortion_model: plumb_bob
  intrinsics: [2168.75828100,2166.97968700,990.68865100,583.91409000]
  resolution: [1900,1200]
cam3:
  T_cam_body:
  - [ -0.22526142, -0.97429234, -0.00342496,  2.20559366]
  - [ -0.17922976,  0.04489365, -0.98278240,  2.20620330]
  - [  0.95767113, -0.22076910, -0.18473499,  0.53588931]
  - [  0.00000000,  0.00000000,  0.00000000,  1.00000000]
  camera_model: pinhole
  distortion_coeffs: [ -0.20373500,  0.17155500,  0.00030800,  0.00170700,  0.00000000]
  distortion_model: plumb_bob
  intrinsics: [2173.86677800,2171.87626100,976.88097600,604.27685400]
  resolution: [1900,1200]
cam4:
  T_cam_body:
  - [  0.21831132,  0.97513499, -0.03810391, -1.34474353]
  - [ -0.13550445, -0.00837727, -0.99074132,  1.00800435]
  - [ -0.96642574,  0.22145330,  0.13030628,  5.39488705]
  - [  0.00000000,  0.00000000,  0.00000000,  1.00000000]
  camera_model: pinhole
  distortion_coeffs: [ -0.19907400,  0.17018000,  0.00010400, -0.00099100,  0.00000000]
  distortion_model: plumb_bob
  intrinsics: [2167.49490200,2165.56980200,940.89474900,612.57647900]
  resolution: [1900,1200]
cam5:
  T_cam_body:
  - [ -0.29439712,  0.95568316,  0.00020017, -0.35663414]
  - [ -0.16907090, -0.05187595, -0.98423773,  1.28781801]
  - [ -0.94060904, -0.28979060,  0.17685034,  5.88009538]
  - [  0.00000000,  0.00000000,  0.00000000,  1.00000000]
  camera_model: pinhole
  distortion_coeffs: [ -0.20440700,  0.17692000, -0.00025400, -0.00018900,  0.00000000]
  distortion_model: plumb_bob
  intrinsics: [2169.53280200,2167.61894400,958.79047800,602.89947900]
  resolution: [1900,1200]
cam6:
  T_cam_body:
  - [ -0.16975581,  0.98513838, -0.02617888, -1.00699256]
  - [  0.18536280,  0.00582828, -0.98265287,  1.16822227]
  - [ -0.96789648, -0.17166362, -0.18359740,  6.26346263]
  - [  0.00000000,  0.00000000,  0.00000000,  1.00000000]
  camera_model: pinhole
  distortion_coeffs: [ -0.19957400,  0.16977500, -0.00008300, -0.00020300,  0.00000000]
  distortion_model: plumb_bob
  intrinsics: [2174.42781900,2172.57924300,956.85045600,596.94859000]
  resolution: [1900,1200]
cam7:
  T_cam_body:
  - [  0.30252935,  0.95304205, -0.01366903, -1.85259968]
  - [  0.15301860, -0.06271858, -0.98623105,  1.43643408]
  - [ -0.94077697,  0.29627222, -0.16480737,  5.63219674]
  - [  0.00000000,  0.00000000,  0.00000000,  1.00000000]
  camera_model: pinhole
  distortion_coeffs: [ -0.19961400,  0.16420700, -0.00003500,  0.00040600,  0.00000000]
  distortion_model: plumb_bob
  intrinsics: [2174.75669700,2173.42025700,960.91814700,599.51184600]
  resolution: [1900,1200]
