cam0:
  T_cam_body:
  - [ -0.25639449, -0.96528213,  0.04992267,  2.19133485]
  - [  0.12479409, -0.08427580, -0.98859700,  0.35211595]
  - [  0.95848229, -0.24724077,  0.14206935,  0.15021919]
  - [  0.00000000,  0.00000000,  0.00000000,  1.00000000]
  camera_model: pinhole
  distortion_coeffs: [ -0.20016700,  0.16097300,  0.00039200, -0.00092100,  0.00000000]
  distortion_model: plumb_bob
  intrinsics: [2174.55148200,2172.55663800,959.19672800,613.07115500]
  resolution: [1920,1200]
cam1:
  T_cam_body:
  - [  0.22450907, -0.97406643,  0.02811175,  0.10180287]
  - [  0.16022075,  0.00844239, -0.98704510,  0.17296078]
  - [  0.96121017,  0.22610466,  0.15796105, -0.43619801]
  - [  0.00000000,  0.00000000,  0.00000000,  1.00000000]
  camera_model: pinhole
  distortion_coeffs: [ -0.20596600,  0.18770000, -0.00040500, -0.00052700,  0.00000000]
  distortion_model: plumb_bob
  intrinsics: [2175.13780800,2172.98911900,952.79468600,602.94764200]
  resolution: [1900,1200]
cam2:
  T_cam_body:
  - [  0.15781223, -0.98740707, -0.01107125,  0.17080310]
  - [ -0.17760313, -0.01735293, -0.98394919,  2.32698232]
  - [  0.97136627,  0.15724551, -0.17810509,  0.03365442]
  - [  0.00000000,  0.00000000,  0.00000000,  1.00000000]
  camera_model: pinhole
  distortion_coeffs: [ -0.18906700,  0.12491500,  0.00004300,  0.00029600,  0.00000000]
  distortion_model: plumb_bob
  intrinsics: [2168.75828100,2166.97968700,990.68865100,583.91409000]
  resolution: [1900,1200]
cam3:
  T_cam_body:
  - [ -0.22617405, -0.97408174, -0.00317243,  2.21064980]
  - [ -0.17978025,  0.04494398, -0.98267955,  2.21043840]
  - [  0.95735279, -0.22168627, -0.18528583,  0.54122041]
  - [  0.00000000,  0.00000000,  0.00000000,  1.00000000]
  camera_model: pinhole
  distortion_coeffs: [ -0.20373500,  0.17155500,  0.00030800,  0.00170700,  0.00000000]
  distortion_model: plumb_bob
  intrinsics: [2173.86677800,2171.87626100,976.88097600,604.27685400]
  resolution: [1900,1200]
cam4:
  T_cam_body:
  - [  0.21983624,  0.97480046, -0.03789575, -1.35293212]
  - [ -0.13552016, -0.00795310, -0.99074267,  1.00766701]
  - [ -0.96607780,  0.22293679,  0.13035674,  5.39179901]
  - [  0.00000000,  0.00000000,  0.00000000,  1.00000000]
  camera_model: pinhole
  distortion_coeffs: [ -0.19907400,  0.17018000,  0.00010400, -0.00099100,  0.00000000]
  distortion_model: plumb_bob
  intrinsics: [2167.49490200,2165.56980200,940.89474900,612.57647900]
  resolution: [1900,1200]
cam5:
  T_cam_body:
  - [ -0.29420284,  0.95574295,  0.00031693, -0.35534753]
  - [ -0.16818438, -0.05144514, -0.98441222,  1.28643443]
  - [ -0.94082873, -0.28967018,  0.17587634,  5.88010358]
  - [  0.00000000,  0.00000000,  0.00000000,  1.00000000]
  camera_model: pinhole
  distortion_coeffs: [ -0.20440700,  0.17692000, -0.00025400, -0.00018900,  0.00000000]
  distortion_model: plumb_bob
  intrinsics: [2169.53280200,2167.61894400,958.79047800,602.89947900]
  resolution: [1900,1200]
cam6:
  T_cam_body:
  - [ -0.16998022,  0.98508948, -0.02656001, -1.00515751]
  - [  0.18472866,  0.00537790, -0.98277485,  1.17339777]
  - [ -0.96797833, -0.17195868, -0.18288840,  6.26296044]
  - [  0.00000000,  0.00000000,  0.00000000,  1.00000000]
  camera_model: pinhole
  distortion_coeffs: [ -0.19957400,  0.16977500, -0.00008300, -0.00020300,  0.00000000]
  distortion_model: plumb_bob
  intrinsics: [2174.42781900,2172.57924300,956.85045600,596.94859000]
  resolution: [1900,1200]
cam7:
  T_cam_body:
  - [  0.30280459,  0.95295784, -0.01344350, -1.85254251]
  - [  0.15276845, -0.06245621, -0.98628648,  1.43741862]
  - [ -0.94072907,  0.29659833, -0.16449392,  5.63076677]
  - [  0.00000000,  0.00000000,  0.00000000,  1.00000000]
  camera_model: pinhole
  distortion_coeffs: [ -0.19961400,  0.16420700, -0.00003500,  0.00040600,  0.00000000]
  distortion_model: plumb_bob
  intrinsics: [2174.75669700,2173.42025700,960.91814700,599.51184600]
  resolution: [1900,1200]
