cam0:
  T_cam_body:
  - [ -0.25534947, -0.96552575,  0.05056350,  2.19108433]
  - [  0.12368722, -0.08448920, -0.98871788,  0.35435817]
  - [  0.95890465, -0.24621453,  0.14099746,  0.15041217]
  - [  0.00000000,  0.00000000,  0.00000000,  1.00000000]
  camera_model: pinhole
  distortion_coeffs: [ -0.20016700,  0.16097300,  0.00039200, -0.00092100,  0.00000000]
  distortion_model: plumb_bob
  intrinsics: [2174.55148200,2172.55663800,959.19672800,613.07115500]
  resolution: [1920,1200]
cam1:
  T_cam_body:
  - [  0.22327768, -0.97434910,  0.02812322,  0.10347573]
  - [  0.15988422,  0.00814706, -0.98710215,  0.17424653]
  - [  0.96155297,  0.22489434,  0.15760210, -0.43381362]
  - [  0.00000000,  0.00000000,  0.00000000,  1.00000000]
  camera_model: pinhole
  distortion_coeffs: [ -0.20596600,  0.18770000, -0.00040500, -0.00052700,  0.00000000]
  distortion_model: plumb_bob
  intrinsics: [2175.13780800,2172.98911900,952.79468600,602.94764200]
  resolution: [1900,1200]
cam2:
  T_cam_body:
  - [  0.15788002, -0.98739856, -0.01086207,  0.17150967]
  - [ -0.17881901, -0.01777064, -0.98372149,  2.33133893]
  - [  0.97113215,  0.15725232, -0.17937127,  0.03786550]
  - [  0.00000000,  0.00000000,  0.00000000,  1.00000000]
  camera_model: pinhole
  distortion_coeffs: [ -0.18906700,  0.12491500,  0.00004300,  0.00029600,  0.00000000]
  distortion_model: plumb_bob
  intrinsics: [2168.75828100,2166.97968700,990.68865100,583.91409000]
  resolution: [1900,1200]
cam3:
  T_cam_body:
  - [ -0.22561726, -0.97421134, -0.00301817,  2.20582559]
  - [ -0.18055208,  0.04485798, -0.98254196,  2.20988079]
  - [  0.95733891, -0.22113349, -0.18601662,  0.54107073]
  - [  0.00000000,  0.00000000,  0.00000000,  1.00000000]
  camera_model: pinhole
  distortion_coeffs: [ -0.20373500,  0.17155500,  0.00030800,  0.00170700,  0.00000000]
  distortion_model: plumb_bob
  intrinsics: [2173.86677800,2171.87626100,976.88097600,604.27685400]
  resolution: [1900,1200]
cam4:
  T_cam_body:
  - [  0.21912557,  0.97495765, -0.03796803, -1.35004729]
  - [ -0.13421619, -0.00842389, -0.99091627,  1.00729949]
  - [ -0.96642123,  0.22223101,  0.12900921,  5.39705082]
  - [  0.00000000,  0.00000000,  0.00000000,  1.00000000]
  camera_model: pinhole
  distortion_coeffs: [ -0.19907400,  0.17018000,  0.00010400, -0.00099100,  0.00000000]
  distortion_model: plumb_bob
  intrinsics: [2167.49490200,2165.56980200,940.89474900,612.57647900]
  resolution: [1900,1200]
cam5:
  T_cam_body:
  - [ -0.29501655,  0.95549212,  0.00019672, -0.35037565]
  - [ -0.16813055, -0.05170910, -0.98440758,  1.28728994]
  - [ -0.94058352, -0.29044960,  0.17590246,  5.88131901]
  - [  0.00000000,  0.00000000,  0.00000000,  1.00000000]
  camera_model: pinhole
  distortion_coeffs: [ -0.20440700,  0.17692000, -0.00025400, -0.00018900,  0.00000000]
  distortion_model: plumb_bob
  intrinsics: [2169.53280200,2167.61894400,958.79047800,602.89947900]
  resolution: [1900,1200]
cam6:
  T_cam_body:
  - [ -0.16992257,  0.98510103, -0.02650044, -1.00527860]
  - [  0.18573376,  0.00560496, -0.98258412,  1.16681268]
  - [ -0.96779610, -0.17188524, -0.18391893,  6.26395963]
  - [  0.00000000,  0.00000000,  0.00000000,  1.00000000]
  camera_model: pinhole
  distortion_coeffs: [ -0.19957400,  0.16977500, -0.00008300, -0.00020300,  0.00000000]
  distortion_model: plumb_bob
  intrinsics: [2174.42781900,2172.57924300,956.85045600,596.94859000]
  resolution: [1900,1200]
cam7:
  T_cam_body:
  - [  0.30218001,  0.95315633, -0.01342600, -1.85378357]
  - [  0.15404228, -0.06272580, -0.98607122,  1.43490728]
  - [ -0.94072218,  0.29590284, -0.16578086,  5.63388671]
  - [  0.00000000,  0.00000000,  0.00000000,  1.00000000]
  camera_model: pinhole
  distortion_coeffs: [ -0.19961400,  0.16420700, -0.00003500,  0.00040600,  0.00000000]
  distortion_model: plumb_bob
  intrinsics: [2174.75669700,2173.42025700,960.91814700,599.51184600]
  resolution: [1900,1200]
