cam0:
  T_cam_body:
  - [ -0.25750724, -0.96497737,  0.05008687,  2.19085671]
  - [  0.12437472, -0.08450435, -0.98863034,  0.35273777]
  - [  0.95823846, -0.24834993,  0.14177928,  0.15333903]
  - [  0.00000000,  0.00000000,  0.00000000,  1.00000000]
  camera_model: pinhole
  distortion_coeffs: [ -0.20016700,  0.16097300,  0.00039200, -0.00092100,  0.00000000]
  distortion_model: plumb_bob
  intrinsics: [2174.55148200,2172.55663800,959.19672800,613.07115500]
  resolution: [1920,1200]
cam1:
  T_cam_body:
  - [  0.22526335, -0.97389728,  0.02793770,  0.10072185]
  - [  0.16014311,  0.00872610, -0.98705524,  0.17235733]
  - [  0.96104662,  0.22682140,  0.15792861, -0.43677593]
  - [  0.00000000,  0.00000000,  0.00000000,  1.00000000]
  camera_model: pinhole
  distortion_coeffs: [ -0.20596600,  0.18770000, -0.00040500, -0.00052700,  0.00000000]
  distortion_model: plumb_bob
  intrinsics: [2175.13780800,2172.98911900,952.79468600,602.94764200]
  resolution: [1900,1200]
cam2:
  T_cam_body:
  - [  0.15806063, -0.98736710, -0.01109295,  0.17057146]
  - [ -0.17727832, -0.01732402, -0.98400827,  2.32159927]
  - [  0.97138522,  0.15749950, -0.17777702,  0.03176922]
  - [  0.00000000,  0.00000000,  0.00000000,  1.00000000]
  camera_model: pinhole
  distortion_coeffs: [ -0.18906700,  0.12491500,  0.00004300,  0.00029600,  0.00000000]
  distortion_model: plumb_bob
  intrinsics: [2168.75828100,2166.97968700,990.68865100,583.91409000]
  resolution: [1900,1200]
cam3:
  T_cam_body:
  - [ -0.22619320, -0.97407662, -0.00337171,  2.21163517]
  - [ -0.18018400,  0.04524224, -0.98259191,  2.21016184]
  - [  0.95727236, -0.22164808, -0.18574651,  0.54265452]
  - [  0.00000000,  0.00000000,  0.00000000,  1.00000000]
  camera_model: pinhole
  distortion_coeffs: [ -0.20373500,  0.17155500,  0.00030800,  0.00170700,  0.00000000]
  distortion_model: plumb_bob
  intrinsics: [2173.86677800,2171.87626100,976.88097600,604.27685400]
  resolution: [1900,1200]
cam4:
  T_cam_body:
  - [  0.22073132,  0.97459954, -0.03786056, -1.35963727]
  - [ -0.13538200, -0.00782657, -0.99076256,  1.00746934]
  - [ -0.96589306,  0.22381797,  0.13021567,  5.39312013]
  - [  0.00000000,  0.00000000,  0.00000000,  1.00000000]
  camera_model: pinhole
  distortion_coeffs: [ -0.19907400,  0.17018000,  0.00010400, -0.00099100,  0.00000000]
  distortion_model: plumb_bob
  intrinsics: [2167.49490200,2165.56980200,940.89474900,612.57647900]
  resolution: [1900,1200]
cam5:
  T_cam_body:
  - [ -0.29493002,  0.95551876,  0.00042039, -0.34921464]
  - [ -0.16837594, -0.05153776, -0.98437463,  1.28660912]
  - [ -0.94056676, -0.29039241,  0.17608640,  5.88166388]
  - [  0.00000000,  0.00000000,  0.00000000,  1.00000000]
  camera_model: pinhole
  distortion_coeffs: [ -0.20440700,  0.17692000, -0.00025400, -0.00018900,  0.00000000]
  distortion_model: plumb_bob
  intrinsics: [2169.53280200,2167.61894400,958.79047800,602.89947900]
  resolution: [1900,1200]
cam6:
  T_cam_body:
  - [ -0.16949056,  0.98518142, -0.02627759, -1.00738653]
  - [  0.18510809,  0.00563453, -0.98270201,  1.16959532]
  - [ -0.96799171, -0.17142291, -0.18332005,  6.26378413]
  - [  0.00000000,  0.00000000,  0.00000000,  1.00000000]
  camera_model: pinhole
  distortion_coeffs: [ -0.19957400,  0.16977500, -0.00008300, -0.00020300,  0.00000000]
  distortion_model: plumb_bob
  intrinsics: [2174.42781900,2172.57924300,956.85045600,596.94859000]
  resolution: [1900,1200]
cam7:
  T_cam_body:
  - [  0.30277638,  0.95296948, -0.01325263, -1.85460166]
  - [  0.15336799, -0.06244258, -0.98619429,  1.43414948]
  - [ -0.94064059,  0.29656381, -0.16506116,  5.63335596]
  - [  0.00000000,  0.00000000,  0.00000000,  1.00000000]
  camera_model: pinhole
  distortion_coeffs: [ -0.19961400,  0.16420700, -0.00003500,  0.00040600,  0.00000000]
  distortion_model: plumb_bob
  intrinsics: [2174.75669700,2173.42025700,960.91814700,599.51184600]
  resolution: [1900,1200]
