cam0:
  T_cam_body:
  - [ -0.25668111, -0.96517541,  0.05050985,  2.19202834]
  - [  0.12425623, -0.08478184, -0.98862148,  0.35332498]
  - [  0.95847545, -0.24748429,  0.14169096,  0.15279058]
  - [  0.00000000,  0.00000000,  0.00000000,  1.00000000]
  camera_model: pinhole
  distortion_coeffs: [ -0.20016700,  0.16097300,  0.00039200, -0.00092100,  0.00000000]
  distortion_model: plumb_bob
  intrinsics: [2174.55148200,2172.55663800,959.19672800,613.07115500]
  resolution: [1920,1200]
cam1:
  T_cam_body:
  - [  0.22411687, -0.97415824,  0.02805983,  0.10340719]
  - [  0.16019747,  0.00842423, -0.98704904,  0.17293362]
  - [  0.96130557,  0.22570946,  0.15794570, -0.43303064]
  - [  0.00000000,  0.00000000,  0.00000000,  1.00000000]
  camera_model: pinhole
  distortion_coeffs: [ -0.20596600,  0.18770000, -0.00040500, -0.00052700,  0.00000000]
  distortion_model: plumb_bob
  intrinsics: [2175.13780800,2172.98911900,952.79468600,602.94764200]
  resolution: [1900,1200]
cam2:
  T_cam_body:
  - [  0.15806127, -0.98737185, -0.01065206,  0.16975938]
  - [ -0.17877906, -0.01800674, -0.98372446,  2.33011733]
  - [  0.97111003,  0.15739310, -0.17936758,  0.04078319]
  - [  0.00000000,  0.00000000,  0.00000000,  1.00000000]
  camera_model: pinhole
  distortion_coeffs: [ -0.18906700,  0.12491500,  0.00004300,  0.00029600,  0.00000000]
  distortion_model: plumb_bob
  intrinsics: [2168.75828100,2166.97968700,990.68865100,583.91409000]
  resolution: [1900,1200]
cam3:
  T_cam_body:
  - [ -0.22648655, -0.97400979, -0.00296346,  2.21110273]
  - [ -0.18069353,  0.04500600, -0.98250919,  2.21069912]
  - [  0.95710694, -0.22198963, -0.18619052,  0.54427070]
  - [  0.00000000,  0.00000000,  0.00000000,  1.00000000]
  camera_model: pinhole
  distortion_coeffs: [ -0.20373500,  0.17155500,  0.00030800,  0.00170700,  0.00000000]
  distortion_model: plumb_bob
  intrinsics: [2173.86677800,2171.87626100,976.88097600,604.27685400]
  resolution: [1900,1200]
cam4:
  T_cam_body:
  - [  0.22107161,  0.97452794, -0.03771771, -1.36124193]
  - [ -0.13539268, -0.00763223, -0.99076262,  1.00641294]
  - [ -0.96581373,  0.22413619,  0.13025668,  5.39305489]
  - [  0.00000000,  0.00000000,  0.00000000,  1.00000000]
  camera_model: pinhole
  distortion_coeffs: [ -0.19907400,  0.17018000,  0.00010400, -0.00099100,  0.00000000]
  distortion_model: plumb_bob
  intrinsics: [2167.49490200,2165.56980200,940.89474900,612.57647900]
  resolution: [1900,1200]
cam5:
  T_cam_body:
  - [ -0.29544064,  0.95536101,  0.00041672, -0.34656173]
  - [ -0.16788865, -0.05148932, -0.98446038,  1.28663378]
  - [ -0.94049361, -0.29091957,  0.17560631,  5.88282392]
  - [  0.00000000,  0.00000000,  0.00000000,  1.00000000]
  camera_model: pinhole
  distortion_coeffs: [ -0.20440700,  0.17692000, -0.00025400, -0.00018900,  0.00000000]
  distortion_model: plumb_bob
  intrinsics: [2169.53280200,2167.61894400,958.79047800,602.89947900]
  resolution: [1900,1200]
cam6:
  T_cam_body:
  - [ -0.16988318,  0.98511277, -0.02631624, -1.00604141]
  - [  0.18590077,  0.00581086, -0.98255134,  1.16714460]
  - [ -0.96777095, -0.17181116, -0.18412039,  6.26519370]
  - [  0.00000000,  0.00000000,  0.00000000,  1.00000000]
  camera_model: pinhole
  distortion_coeffs: [ -0.19957400,  0.16977500, -0.00008300, -0.00020300,  0.00000000]
  distortion_model: plumb_bob
  intrinsics: [2174.42781900,2172.57924300,956.85045600,596.94859000]
  resolution: [1900,1200]
cam7:
  T_cam_body:
  - [  0.30370849,  0.95267260, -0.01326902, -1.85340685]
  - [  0.15338662, -0.06263479, -0.98617921,  1.43464465]
  - [ -0.94033701,  0.29747571, -0.16514995,  5.63211507]
  - [  0.00000000,  0.00000000,  0.00000000,  1.00000000]
  camera_model: pinhole
  distortion_coeffs: [ -0.19961400,  0.16420700, -0.00003500,  0.00040600,  0.00000000]
  distortion_model: plumb_bob
  intrinsics: [2174.75669700,2173.42025700,960.91814700,599.51184600]
  resolution: [1900,1200]
