cam0:
  T_cam_body:
  - [ -0.25484678, -0.96566536,  0.05043355,  2.19131656]
  - [  0.12434097, -0.08444798, -0.98863940,  0.35247296]
  - [  0.95895383, -0.24568061,  0.14159306,  0.14781293]
  - [  0.00000000,  0.00000000,  0.00000000,  1.00000000]
  camera_model: pinhole
  distortion_coeffs: [ -0.20016700,  0.16097300,  0.00039200, -0.00092100,  0.00000000]
  distortion_model: plumb_bob
  intrinsics: [2174.55148200,2172.55663800,959.19672800,613.07115500]
  resolution: [1920,1200]
cam1:
  T_cam_body:
  - [  0.22345288, -0.97430610,  0.02822129,  0.10256078]
  - [  0.16053705,  0.00822963, -0.98699551,  0.17164907]
  - [  0.96140349,  0.22507755,  0.15825117, -0.43533244]
  - [  0.00000000,  0.00000000,  0.00000000,  1.00000000]
  camera_model: pinhole
  distortion_coeffs: [ -0.20596600,  0.18770000, -0.00040500, -0.00052700,  0.00000000]
  distortion_model: plumb_bob
  intrinsics: [2175.13780800,2172.98911900,952.79468600,602.94764200]
  resolution: [1900,1200]
cam2:
  T_cam_body:
  - [  0.15799525, -0.98738088, -0.01079392,  0.17102556]
  - [ -0.17822952, -0.01776422, -0.98382858,  2.32890413]
  - [  0.97122178,  0.15736404, -0.17878709,  0.03551828]
  - [  0.00000000,  0.00000000,  0.00000000,  1.00000000]
  camera_model: pinhole
  distortion_coeffs: [ -0.18906700,  0.12491500,  0.00004300,  0.00029600,  0.00000000]
  distortion_model: plumb_bob
  intrinsics: [2168.75828100,2166.97968700,990.68865100,583.91409000]
  resolution: [1900,1200]
cam3:
  T_cam_body:
  - [ -0.22547811, -0.97424291, -0.00322101,  2.20549232]
  - [ -0.17979167,  0.04485977, -0.98268131,  2.20791707]
  - [  0.95751479, -0.22099402, -0.18527565,  0.53788413]
  - [  0.00000000,  0.00000000,  0.00000000,  1.00000000]
  camera_model: pinhole
  distortion_coeffs: [ -0.20373500,  0.17155500,  0.00030800,  0.00170700,  0.00000000]
  distortion_model: plumb_bob
  intrinsics: [2173.86677800,2171.87626100,976.88097600,604.27685400]
  resolution: [1900,1200]
cam4:
  T_cam_body:
  - [  0.22034637,  0.97469108, -0.03774629, -1.35607986]
  - [ -0.13524144, -0.00779568, -0.99078200,  1.00604983]
  - [ -0.96600064,  0.22342008,  0.13010087,  5.39346803]
  - [  0.00000000,  0.00000000,  0.00000000,  1.00000000]
  camera_model: pinhole
  distortion_coeffs: [ -0.19907400,  0.17018000,  0.00010400, -0.00099100,  0.00000000]
  distortion_model: plumb_bob
  intrinsics: [2167.49490200,2165.56980200,940.89474900,612.57647900]
  resolution: [1900,1200]
cam5:
  T_cam_body:
  - [ -0.29542062,  0.95536722,  0.00036140, -0.35031392]
  - [ -0.16886544, -0.05184458, -0.98427466,  1.28669187]
  - [ -0.94032501, -0.29083606,  0.17664447,  5.88104521]
  - [  0.00000000,  0.00000000,  0.00000000,  1.00000000]
  camera_model: pinhole
  distortion_coeffs: [ -0.20440700,  0.17692000, -0.00025400, -0.00018900,  0.00000000]
  distortion_model: plumb_bob
  intrinsics: [2169.53280200,2167.61894400,958.79047800,602.89947900]
  resolution: [1900,1200]
cam6:
  T_cam_body:
  - [ -0.17000053,  0.98509356, -0.02627742, -1.00557525]
  - [  0.18530735,  0.00576643, -0.98266369,  1.16893966]
  - [ -0.96786415, -0.17192275, -0.18352538,  6.26362545]
  - [  0.00000000,  0.00000000,  0.00000000,  1.00000000]
  camera_model: pinhole
  distortion_coeffs: [ -0.19957400,  0.16977500, -0.00008300, -0.00020300,  0.00000000]
  distortion_model: plumb_bob
  intrinsics: [2174.42781900,2172.57924300,956.85045600,596.94859000]
  resolution: [1900,1200]
cam7:
  T_cam_body:
  - [  0.30277456,  0.95296876, -0.01334562, -1.85412543]
  - [  0.15323924, -0.06249789, -0.98621080,  1.43543863]
  - [ -0.94066216,  0.29655447, -0.16495498,  5.63251617]
  - [  0.00000000,  0.00000000,  0.00000000,  1.00000000]
  camera_model: pinhole
  distortion_coeffs: [ -0.19961400,  0.16420700, -0.00003500,  0.00040600,  0.00000000]
  distortion_model: plumb_bob
  intrinsics: [2174.75669700,2173.42025700,960.91814700,599.51184600]
  resolution: [1900,1200]
