cam0:
  T_cam_body:
  - [ -0.25725114, -0.96507273,  0.04956287,  2.19133102]
  - [  0.12501888, -0.08409553, -0.98858395,  0.35145534]
  - [  0.95822342, -0.24811806,  0.14228599,  0.15121312]
  - [  0.00000000,  0.00000000,  0.00000000,  1.00000000]
  camera_model: pinhole
  distortion_coeffs: [ -0.20016700,  0.16097300,  0.00039200, -0.00092100,  0.00000000]
  distortion_model: plumb_bob
  intrinsics: [2174.55148200,2172.55663800,959.19672800,613.07115500]
  resolution: [1920,1200]
cam1:
  T_cam_body:
  - [  0.22481149, -0.97400936,  0.02766887,  0.10176643]
  - [  0.16039091,  0.00898163, -0.98701271,  0.17117801]
  - [  0.96111110,  0.22632963,  0.15824142, -0.43730288]
  - [  0.00000000,  0.00000000,  0.00000000,  1.00000000]
  camera_model: pinhole
  distortion_coeffs: [ -0.20596600,  0.18770000, -0.00040500, -0.00052700,  0.00000000]
  distortion_model: plumb_bob
  intrinsics: [2175.13780800,2172.98911900,952.79468600,602.94764200]
  resolution: [1900,1200]
cam2:
  T_cam_body:
  - [  0.15749585, -0.98745401, -0.01138602,  0.17276838]
  - [ -0.17639391, -0.01678605, -0.98417652,  2.32044051]
  - [  0.97163792,  0.15701214, -0.17682460,  0.02958922]
  - [  0.00000000,  0.00000000,  0.00000000,  1.00000000]
  camera_model: pinhole
  distortion_coeffs: [ -0.18906700,  0.12491500,  0.00004300,  0.00029600,  0.00000000]
  distortion_model: plumb_bob
  intrinsics: [2168.75828100,2166.97968700,990.68865100,583.91409000]
  resolution: [1900,1200]
cam3:
  T_cam_body:
  - [ -0.22638954, -0.97403069, -0.00346367,  2.21243114]
  - [ -0.17957967,  0.04523340, -0.98270295,  2.20943530]
  - [  0.95733950, -0.22185167, -0.18515647,  0.54058518]
  - [  0.00000000,  0.00000000,  0.00000000,  1.00000000]
  camera_model: pinhole
  distortion_coeffs: [ -0.20373500,  0.17155500,  0.00030800,  0.00170700,  0.00000000]
  distortion_model: plumb_bob
  intrinsics: [2173.86677800,2171.87626100,976.88097600,604.27685400]
  resolution: [1900,1200]
cam4:
  T_cam_body:
  - [  0.21962887,  0.97484249, -0.03801682, -1.35237053]
  - [ -0.13550232, -0.00810870, -0.99074385,  1.00855217]
  - [ -0.96612747,  0.22274732,  0.13031251,  5.39233543]
  - [  0.00000000,  0.00000000,  0.00000000,  1.00000000]
  camera_model: pinhole
  distortion_coeffs: [ -0.19907400,  0.17018000,  0.00010400, -0.00099100,  0.00000000]
  distortion_model: plumb_bob
  intrinsics: [2167.49490200,2165.56980200,940.89474900,612.57647900]
  resolution: [1900,1200]
cam5:
  T_cam_body:
  - [ -0.29442231,  0.95567536,  0.00032962, -0.35655562]
  - [ -0.16885823, -0.05168197, -0.98428445,  1.28581972]
  - [ -0.94063936, -0.28985096,  0.17658998,  5.87972166]
  - [  0.00000000,  0.00000000,  0.00000000,  1.00000000]
  camera_model: pinhole
  distortion_coeffs: [ -0.20440700,  0.17692000, -0.00025400, -0.00018900,  0.00000000]
  distortion_model: plumb_bob
  intrinsics: [2169.53280200,2167.61894400,958.79047800,602.89947900]
  resolution: [1900,1200]
cam6:
  T_cam_body:
  - [ -0.17008527,  0.98507428, -0.02645106, -1.00490065]
  - [  0.18466342,  0.00549480, -0.98278646,  1.17241179]
  - [ -0.96797233, -0.17204204, -0.18284177,  6.26263909]
  - [  0.00000000,  0.00000000,  0.00000000,  1.00000000]
  camera_model: pinhole
  distortion_coeffs: [ -0.19957400,  0.16977500, -0.00008300, -0.00020300,  0.00000000]
  distortion_model: plumb_bob
  intrinsics: [2174.42781900,2172.57924300,956.85045600,596.94859000]
  resolution: [1900,1200]
cam7:
  T_cam_body:
  - [  0.30253159,  0.95304344, -0.01352145, -1.85229602]
  - [  0.15297028, -0.06255104, -0.98624919,  1.43718118]
  - [ -0.94078410,  0.29630316, -0.16471099,  5.63141708]
  - [  0.00000000,  0.00000000,  0.00000000,  1.00000000]
  camera_model: pinhole
  distortion_coeffs: [ -0.19961400,  0.16420700, -0.00003500,  0.00040600,  0.00000000]
  distortion_model: plumb_bob
  intrinsics: [2174.75669700,2173.42025700,960.91814700,599.51184600]
  resolution: [1900,1200]
