cam0:
  T_cam_body:
  - [ -0.25739124, -0.96502386,  0.04978661,  2.19155942]
  - [  0.12499911, -0.08434092, -0.98856554,  0.35192879]
  - [  0.95818838, -0.24822483,  0.14233574,  0.15146738]
  - [  0.00000000,  0.00000000,  0.00000000,  1.00000000]
  camera_model: pinhole
  distortion_coeffs: [ -0.20016700,  0.16097300,  0.00039200, -0.00092100,  0.00000000]
  distortion_model: plumb_bob
  intrinsics: [2174.55148200,2172.55663800,959.19672800,613.07115500]
  resolution: [1920,1200]
cam1:
  T_cam_body:
  - [  0.22465969, -0.97404025,  0.02781399,  0.10069574]
  - [  0.16041587,  0.00881513, -0.98701015,  0.17117408]
  - [  0.96114243,  0.22620320,  0.15823191, -0.43820686]
  - [  0.00000000,  0.00000000,  0.00000000,  1.00000000]
  camera_model: pinhole
  distortion_coeffs: [ -0.20596600,  0.18770000, -0.00040500, -0.00052700,  0.00000000]
  distortion_model: plumb_bob
  intrinsics: [2175.13780800,2172.98911900,952.79468600,602.94764200]
  resolution: [1900,1200]
cam2:
  T_cam_body:
  - [  0.15743200, -0.98746560, -0.01126299,  0.17135780]
  - [ -0.17635564, -0.01689091, -0.98418158,  2.32077946]
  - [  0.97165521,  0.15692796, -0.17680430,  0.02860145]
  - [  0.00000000,  0.00000000,  0.00000000,  1.00000000]
  camera_model: pinhole
  distortion_coeffs: [ -0.18906700,  0.12491500,  0.00004300,  0.00029600,  0.00000000]
  distortion_model: plumb_bob
  intrinsics: [2168.75828100,2166.97968700,990.68865100,583.91409000]
  resolution: [1900,1200]
cam3:
  T_cam_body:
  - [ -0.22637657, -0.97403426, -0.00330185,  2.21265441]
  - [ -0.17970775,  0.04509729, -0.98268579,  2.20986759]
  - [  0.95731853, -0.22186367, -0.18525048,  0.54066837]
  - [  0.00000000,  0.00000000,  0.00000000,  1.00000000]
  camera_model: pinhole
  distortion_coeffs: [ -0.20373500,  0.17155500,  0.00030800,  0.00170700,  0.00000000]
  distortion_model: plumb_bob
  intrinsics: [2173.86677800,2171.87626100,976.88097600,604.27685400]
  resolution: [1900,1200]
cam4:
  T_cam_body:
  - [  0.21867869,  0.97504860, -0.03820795, -1.34779825]
  - [ -0.13555636, -0.00842074, -0.99073385,  1.00956474]
  - [ -0.96633540,  0.22183171,  0.13033261,  5.39521881]
  - [  0.00000000,  0.00000000,  0.00000000,  1.00000000]
  camera_model: pinhole
  distortion_coeffs: [ -0.19907400,  0.17018000,  0.00010400, -0.00099100,  0.00000000]
  distortion_model: plumb_bob
  intrinsics: [2167.49490200,2165.56980200,940.89474900,612.57647900]
  resolution: [1900,1200]
cam5:
  T_cam_body:
  - [ -0.29417414,  0.95575182,  0.00019011, -0.35617201]
  - [ -0.16913123, -0.05186171, -0.98422812,  1.28794895]
  - [ -0.94066796, -0.28956661,  0.17690385,  5.87989412]
  - [  0.00000000,  0.00000000,  0.00000000,  1.00000000]
  camera_model: pinhole
  distortion_coeffs: [ -0.20440700,  0.17692000, -0.00025400, -0.00018900,  0.00000000]
  distortion_model: plumb_bob
  intrinsics: [2169.53280200,2167.61894400,958.79047800,602.89947900]
  resolution: [1900,1200]
cam6:
  T_cam_body:
  - [ -0.16985112,  0.98511207, -0.02654810, -1.00545451]
  - [  0.18500084,  0.00541376, -0.98272345,  1.17009085]
  - [ -0.96794901, -0.17182810, -0.18316609,  6.26346100]
  - [  0.00000000,  0.00000000,  0.00000000,  1.00000000]
  camera_model: pinhole
  distortion_coeffs: [ -0.19957400,  0.16977500, -0.00008300, -0.00020300,  0.00000000]
  distortion_model: plumb_bob
  intrinsics: [2174.42781900,2172.57924300,956.85045600,596.94859000]
  resolution: [1900,1200]
cam7:
  T_cam_body:
  - [  0.30244275,  0.95307310, -0.01341821, -1.85306779]
  - [  0.15315445, -0.06248610, -0.98622472,  1.43618896]
  - [ -0.94078271,  0.29622146, -0.16486585,  5.63270268]
  - [  0.00000000,  0.00000000,  0.00000000,  1.00000000]
  camera_model: pinhole
  distortion_coeffs: [ -0.19961400,  0.16420700, -0.00003500,  0.00040600,  0.00000000]
  distortion_model: plumb_bob
  intrinsics: [2174.75669700,2173.42025700,960.91814700,599.51184600]
  resolution: [1900,1200]
