cam0:
  T_cam_body:
  - [ -0.25999664, -0.96430540,  0.05016817,  2.19889696]
  - [  0.12307469, -0.08462508, -0.98878269,  0.35681616]
  - [  0.95773397, -0.25090575,  0.14068383,  0.16553643]
  - [  0.00000000,  0.00000000,  0.00000000,  1.00000000]
  camera_model: pinhole
  distortion_coeffs: [ -0.20016700,  0.16097300,  0.00039200, -0.00092100,  0.00000000]
  distortion_model: plumb_bob
  intrinsics: [2174.55148200,2172.55663800,959.19672800,613.07115500]
  resolution: [1920,1200]
cam1:
  T_cam_body:
  - [  0.22515266, -0.97392872,  0.02773330,  0.10193982]
  - [  0.15991324,  0.00886060, -0.98709131,  0.17255111]
  - [  0.96111083,  0.22668115,  0.15773909, -0.43479891]
  - [  0.00000000,  0.00000000,  0.00000000,  1.00000000]
  camera_model: pinhole
  distortion_coeffs: [ -0.20596600,  0.18770000, -0.00040500, -0.00052700,  0.00000000]
  distortion_model: plumb_bob
  intrinsics: [2175.13780800,2172.98911900,952.79468600,602.94764200]
  resolution: [1900,1200]
cam2:
  T_cam_body:
  - [  0.15872513, -0.98726250, -0.01091253,  0.16580235]
  - [ -0.17867254, -0.01785205, -0.98374663,  2.32868353]
  - [  0.97102135,  0.15809508, -0.17923026,  0.03875028]
  - [  0.00000000,  0.00000000,  0.00000000,  1.00000000]
  camera_model: pinhole
  distortion_coeffs: [ -0.18906700,  0.12491500,  0.00004300,  0.00029600,  0.00000000]
  distortion_model: plumb_bob
  intrinsics: [2168.75828100,2166.97968700,990.68865100,583.91409000]
  resolution: [1900,1200]
cam3:
  T_cam_body:
  - [ -0.22646191, -0.97401421, -0.00336559,  2.21232618]
  - [ -0.18041068,  0.04534122, -0.98254576,  2.21018822]
  - [  0.95716613, -0.22190200, -0.18599062,  0.54383954]
  - [  0.00000000,  0.00000000,  0.00000000,  1.00000000]
  camera_model: pinhole
  distortion_coeffs: [ -0.20373500,  0.17155500,  0.00030800,  0.00170700,  0.00000000]
  distortion_model: plumb_bob
  intrinsics: [2173.86677800,2171.87626100,976.88097600,604.27685400]
  resolution: [1900,1200]
cam4:
  T_cam_body:
  - [  0.22061779,  0.97462409, -0.03789021, -1.35985098]
  - [ -0.13524559, -0.00790387, -0.99078058,  1.00687064]
  - [ -0.96593810,  0.22370831,  0.13006987,  5.39459132]
  - [  0.00000000,  0.00000000,  0.00000000,  1.00000000]
  camera_model: pinhole
  distortion_coeffs: [ -0.19907400,  0.17018000,  0.00010400, -0.00099100,  0.00000000]
  distortion_model: plumb_bob
  intrinsics: [2167.49490200,2165.56980200,940.89474900,612.57647900]
  resolution: [1900,1200]
cam5:
  T_cam_body:
  - [ -0.29595276,  0.95520242,  0.00055178, -0.34356221]
  - [ -0.16836700, -0.05159694, -0.98437305,  1.28760338]
  - [ -0.94024705, -0.29142082,  0.17609482,  5.88298130]
  - [  0.00000000,  0.00000000,  0.00000000,  1.00000000]
  camera_model: pinhole
  distortion_coeffs: [ -0.20440700,  0.17692000, -0.00025400, -0.00018900,  0.00000000]
  distortion_model: plumb_bob
  intrinsics: [2169.53280200,2167.61894400,958.79047800,602.89947900]
  resolution: [1900,1200]
cam6:
  T_cam_body:
  - [ -0.16976438,  0.98513743, -0.02615896, -1.00741873]
  - [  0.18581995,  0.00593085, -0.98256591,  1.16628638]
  - [ -0.96780732, -0.17166555, -0.18406503,  6.26534241]
  - [  0.00000000,  0.00000000,  0.00000000,  1.00000000]
  camera_model: pinhole
  distortion_coeffs: [ -0.19957400,  0.16977500, -0.00008300, -0.00020300,  0.00000000]
  distortion_model: plumb_bob
  intrinsics: [2174.42781900,2172.57924300,956.85045600,596.94859000]
  resolution: [1900,1200]
cam7:
  T_cam_body:
  - [  0.30273838,  0.95298430, -0.01305386, -1.85556240]
  - [  0.15351698, -0.06227695, -0.98618159,  1.43335220]
  - [ -0.94062852,  0.29655103, -0.16515289,  5.63426140]
  - [  0.00000000,  0.00000000,  0.00000000,  1.00000000]
  camera_model: pinhole
  distortion_coeffs: [ -0.19961400,  0.16420700, -0.00003500,  0.00040600,  0.00000000]
  distortion_model: plumb_bob
  intrinsics: [2174.75669700,2173.42025700,960.91814700,599.51184600]
  resolution: [1900,1200]
