cam0:
  T_cam_body:
  - [ -0.25728325, -0.96506346,  0.04957669,  2.19144556]
  - [  0.12487523, -0.08407738, -0.98860365,  0.35142294]
  - [  0.95823353, -0.24816026,  0.14214423,  0.15146901]
  - [  0.00000000,  0.00000000,  0.00000000,  1.00000000]
  camera_model: pinhole
  distortion_coeffs: [ -0.20016700,  0.16097300,  0.00039200, -0.00092100,  0.00000000]
  distortion_model: plumb_bob
  intrinsics: [2174.55148200,2172.55663800,959.19672800,613.07115500]
  resolution: [1920,1200]
cam1:
  T_cam_body:
  - [  0.22485529, -0.97400059,  0.02762138,  0.10165230]
  - [  0.16012876,  0.00897532, -0.98705533,  0.17165378]
  - [  0.96114457,  0.22636759,  0.15798366, -0.43722921]
  - [  0.00000000,  0.00000000,  0.00000000,  1.00000000]
  camera_model: pinhole
  distortion_coeffs: [ -0.20596600,  0.18770000, -0.00040500, -0.00052700,  0.00000000]
  distortion_model: plumb_bob
  intrinsics: [2175.13780800,2172.98911900,952.79468600,602.94764200]
  resolution: [1900,1200]
cam2:
  T_cam_body:
  - [  0.15764040, -0.98743037, -0.01143518,  0.17236310]
  - [ -0.17680993, -0.01683057, -0.98410110,  2.32062195]
  - [  0.97153886,  0.15715594, -0.17724068,  0.03047704]
  - [  0.00000000,  0.00000000,  0.00000000,  1.00000000]
  camera_model: pinhole
  distortion_coeffs: [ -0.18906700,  0.12491500,  0.00004300,  0.00029600,  0.00000000]
  distortion_model: plumb_bob
  intrinsics: [2168.75828100,2166.97968700,990.68865100,583.91409000]
  resolution: [1900,1200]
cam3:
  T_cam_body:
  - [ -0.22630028, -0.97405112, -0.00354851,  2.21233643]
  - [ -0.17976142,  0.04534368, -0.98266463,  2.20948066]
  - [  0.95732649, -0.22173940, -0.18535810,  0.54105484]
  - [  0.00000000,  0.00000000,  0.00000000,  1.00000000]
  camera_model: pinhole
  distortion_coeffs: [ -0.20373500,  0.17155500,  0.00030800,  0.00170700,  0.00000000]
  distortion_model: plumb_bob
  intrinsics: [2173.86677800,2171.87626100,976.88097600,604.27685400]
  resolution: [1900,1200]
cam4:
  T_cam_body:
  - [  0.22062240,  0.97462289, -0.03789446, -1.35850186]
  - [ -0.13554403, -0.00783844, -0.99074032,  1.00832023]
  - [ -0.96589522,  0.22371587,  0.13037497,  5.39194239]
  - [  0.00000000,  0.00000000,  0.00000000,  1.00000000]
  camera_model: pinhole
  distortion_coeffs: [ -0.19907400,  0.17018000,  0.00010400, -0.00099100,  0.00000000]
  distortion_model: plumb_bob
  intrinsics: [2167.49490200,2165.56980200,940.89474900,612.57647900]
  resolution: [1900,1200]
cam5:
  T_cam_body:
  - [ -0.29499647,  0.95549829,  0.00032683, -0.35184723]
  - [ -0.16897094, -0.05183071, -0.98425728,  1.28719801]
  - [ -0.94043921, -0.29040765,  0.17674132,  5.88043395]
  - [  0.00000000,  0.00000000,  0.00000000,  1.00000000]
  camera_model: pinhole
  distortion_coeffs: [ -0.20440700,  0.17692000, -0.00025400, -0.00018900,  0.00000000]
  distortion_model: plumb_bob
  intrinsics: [2169.53280200,2167.61894400,958.79047800,602.89947900]
  resolution: [1900,1200]
cam6:
  T_cam_body:
  - [ -0.16963124,  0.98516132, -0.02612322, -1.00781153]
  - [  0.18495413,  0.00578781, -0.98273011,  1.17006799]
  - [ -0.96799650, -0.17153332, -0.18319144,  6.26278969]
  - [  0.00000000,  0.00000000,  0.00000000,  1.00000000]
  camera_model: pinhole
  distortion_coeffs: [ -0.19957400,  0.16977500, -0.00008300, -0.00020300,  0.00000000]
  distortion_model: plumb_bob
  intrinsics: [2174.42781900,2172.57924300,956.85045600,596.94859000]
  resolution: [1900,1200]
cam7:
  T_cam_body:
  - [  0.30286070,  0.95294683, -0.01295137, -1.85510828]
  - [  0.15337039, -0.06214688, -0.98621260,  1.43326478]
  - [ -0.94061306,  0.29669868, -0.16497567,  5.63180369]
  - [  0.00000000,  0.00000000,  0.00000000,  1.00000000]
  camera_model: pinhole
  distortion_coeffs: [ -0.19961400,  0.16420700, -0.00003500,  0.00040600,  0.00000000]
  distortion_model: plumb_bob
  intrinsics: [2174.75669700,2173.42025700,960.91814700,599.51184600]
  resolution: [1900,1200]
