cam0:
  T_cam_body:
  - [ -0.25807610, -0.96481388,  0.05030800,  2.19124175]
  - [  0.12392169, -0.08469951, -0.98867052,  0.35309396]
  - [  0.95814411, -0.24891798,  0.14142029,  0.15493062]
  - [  0.00000000,  0.00000000,  0.00000000,  1.00000000]
  camera_model: pinhole
  distortion_coeffs: [ -0.20016700,  0.16097300,  0.00039200, -0.00092100,  0.00000000]
  distortion_model: plumb_bob
  intrinsics: [2174.55148200,2172.55663800,959.19672800,613.07115500]
  resolution: [1920,1200]
cam1:
  T_cam_body:
  - [  0.22482841, -0.97399504,  0.02803294,  0.10104260]
  - [  0.16023605,  0.00857904, -0.98704144,  0.17207663]
  - [  0.96113298,  0.22640684,  0.15799793, -0.43648397]
  - [  0.00000000,  0.00000000,  0.00000000,  1.00000000]
  camera_model: pinhole
  distortion_coeffs: [ -0.20596600,  0.18770000, -0.00040500, -0.00052700,  0.00000000]
  distortion_model: plumb_bob
  intrinsics: [2175.13780800,2172.98911900,952.79468600,602.94764200]
  resolution: [1900,1200]
cam2:
  T_cam_body:
  - [  0.15804887, -0.98737081, -0.01092916,  0.17097421]
  - [ -0.17710634, -0.01745723, -0.98403688,  2.32059556]
  - [  0.97141850,  0.15746154, -0.17762873,  0.03244805]
  - [  0.00000000,  0.00000000,  0.00000000,  1.00000000]
  camera_model: pinhole
  distortion_coeffs: [ -0.18906700,  0.12491500,  0.00004300,  0.00029600,  0.00000000]
  distortion_model: plumb_bob
  intrinsics: [2168.75828100,2166.97968700,990.68865100,583.91409000]
  resolution: [1900,1200]
cam3:
  T_cam_body:
  - [ -0.22651619, -0.97400096, -0.00354260,  2.21274339]
  - [ -0.18022597,  0.04548759, -0.98257289,  2.20912695]
  - [  0.95718808, -0.22193020, -0.18584394,  0.54346420]
  - [  0.00000000,  0.00000000,  0.00000000,  1.00000000]
  camera_model: pinhole
  distortion_coeffs: [ -0.20373500,  0.17155500,  0.00030800,  0.00170700,  0.00000000]
  distortion_model: plumb_bob
  intrinsics: [2173.86677800,2171.87626100,976.88097600,604.27685400]
  resolution: [1900,1200]
cam4:
  T_cam_body:
  - [  0.22039417,  0.97467383, -0.03791217, -1.35870575]
  - [ -0.13517958, -0.00797207, -0.99078904,  1.00632892]
  - [ -0.96599839,  0.22348908,  0.12999901,  5.39457813]
  - [  0.00000000,  0.00000000,  0.00000000,  1.00000000]
  camera_model: pinhole
  distortion_coeffs: [ -0.19907400,  0.17018000,  0.00010400, -0.00099100,  0.00000000]
  distortion_model: plumb_bob
  intrinsics: [2167.49490200,2165.56980200,940.89474900,612.57647900]
  resolution: [1900,1200]
cam5:
  T_cam_body:
  - [ -0.29582880,  0.95524085,  0.00049707, -0.34307467]
  - [ -0.16863612, -0.05171276, -0.98432091,  1.28838539]
  - [ -0.94023783, -0.29127429,  0.17638624,  5.88232743]
  - [  0.00000000,  0.00000000,  0.00000000,  1.00000000]
  camera_model: pinhole
  distortion_coeffs: [ -0.20440700,  0.17692000, -0.00025400, -0.00018900,  0.00000000]
  distortion_model: plumb_bob
  intrinsics: [2169.53280200,2167.61894400,958.79047800,602.89947900]
  resolution: [1900,1200]
cam6:
  T_cam_body:
  - [ -0.16962333,  0.98516371, -0.02608434, -1.00751581]
  - [  0.18587810,  0.00598883, -0.98255456,  1.16389450]
  - [ -0.96782088, -0.17151268, -0.18413621,  6.26522047]
  - [  0.00000000,  0.00000000,  0.00000000,  1.00000000]
  camera_model: pinhole
  distortion_coeffs: [ -0.19957400,  0.16977500, -0.00008300, -0.00020300,  0.00000000]
  distortion_model: plumb_bob
  intrinsics: [2174.42781900,2172.57924300,956.85045600,596.94859000]
  resolution: [1900,1200]
cam7:
  T_cam_body:
  - [  0.30263029,  0.95301385, -0.01339787, -1.85447443]
  - [  0.15363480, -0.06265042, -0.98613958,  1.43324474]
  - [ -0.94064407,  0.29637733, -0.16537601,  5.63454400]
  - [  0.00000000,  0.00000000,  0.00000000,  1.00000000]
  camera_model: pinhole
  distortion_coeffs: [ -0.19961400,  0.16420700, -0.00003500,  0.00040600,  0.00000000]
  distortion_model: plumb_bob
  intrinsics: [2174.75669700,2173.42025700,960.91814700,599.51184600]
  resolution: [1900,1200]
