cam0:
  T_cam_body:
  - [ -0.25488203, -0.96565620,  0.05043065,  2.19071404]
  - [  0.12468613, -0.08453878, -0.98858817,  0.35279304]
  - [  0.95889964, -0.24568535,  0.14195135,  0.14892431]
  - [  0.00000000,  0.00000000,  0.00000000,  1.00000000]
  camera_model: pinhole
  distortion_coeffs: [ -0.20016700,  0.16097300,  0.00039200, -0.00092100,  0.00000000]
  distortion_model: plumb_bob
  intrinsics: [2174.55148200,2172.55663800,959.19672800,613.07115500]
  resolution: [1920,1200]
cam1:
  T_cam_body:
  - [  0.22364688, -0.97424815,  0.02868138,  0.10149411]
  - [  0.16059047,  0.00780840, -0.98699024,  0.17128025]
  - [  0.96134945,  0.22534325,  0.15820129, -0.43567898]
  - [  0.00000000,  0.00000000,  0.00000000,  1.00000000]
  camera_model: pinhole
  distortion_coeffs: [ -0.20596600,  0.18770000, -0.00040500, -0.00052700,  0.00000000]
  distortion_model: plumb_bob
  intrinsics: [2175.13780800,2172.98911900,952.79468600,602.94764200]
  resolution: [1900,1200]
cam2:
  T_cam_body:
  - [  0.15830583, -0.98733038, -0.01086215,  0.16895527]
  - [ -0.17749388, -0.01763377, -0.98396391,  2.32634620]
  - [  0.97130592,  0.15769519, -0.17803663,  0.03422713]
  - [  0.00000000,  0.00000000,  0.00000000,  1.00000000]
  camera_model: pinhole
  distortion_coeffs: [ -0.18906700,  0.12491500,  0.00004300,  0.00029600,  0.00000000]
  distortion_model: plumb_bob
  intrinsics: [2168.75828100,2166.97968700,990.68865100,583.91409000]
  resolution: [1900,1200]
cam3:
  T_cam_body:
  - [ -0.22523184, -0.97430068, -0.00296795,  2.20501410]
  - [ -0.17944987,  0.04447766, -0.98276115,  2.20814358]
  - [  0.95763686, -0.22081651, -0.18485592,  0.53832700]
  - [  0.00000000,  0.00000000,  0.00000000,  1.00000000]
  camera_model: pinhole
  distortion_coeffs: [ -0.20373500,  0.17155500,  0.00030800,  0.00170700,  0.00000000]
  distortion_model: plumb_bob
  intrinsics: [2173.86677800,2171.87626100,976.88097600,604.27685400]
  resolution: [1900,1200]
cam4:
  T_cam_body:
  - [  0.22023837,  0.97471211, -0.03783336, -1.35543784]
  - [ -0.13515914, -0.00791800, -0.99079226,  1.00734763]
  - [ -0.96603678,  0.22332400,  0.12999740,  5.39452609]
  - [  0.00000000,  0.00000000,  0.00000000,  1.00000000]
  camera_model: pinhole
  distortion_coeffs: [ -0.19907400,  0.17018000,  0.00010400, -0.00099100,  0.00000000]
  distortion_model: plumb_bob
  intrinsics: [2167.49490200,2165.56980200,940.89474900,612.57647900]
  resolution: [1900,1200]
cam5:
  T_cam_body:
  - [ -0.29499509,  0.95549870,  0.00035733, -0.35260991]
  - [ -0.16903351, -0.05181834, -0.98424719,  1.28708829]
  - [ -0.94042840, -0.29040849,  0.17679745,  5.88139590]
  - [  0.00000000,  0.00000000,  0.00000000,  1.00000000]
  camera_model: pinhole
  distortion_coeffs: [ -0.20440700,  0.17692000, -0.00025400, -0.00018900,  0.00000000]
  distortion_model: plumb_bob
  intrinsics: [2169.53280200,2167.61894400,958.79047800,602.89947900]
  resolution: [1900,1200]
cam6:
  T_cam_body:
  - [ -0.16991197,  0.98510940, -0.02625623, -1.00654743]
  - [  0.18511198,  0.00573614, -0.98270069,  1.17041897]
  - [ -0.96791708, -0.17183295, -0.18333019,  6.26396577]
  - [  0.00000000,  0.00000000,  0.00000000,  1.00000000]
  camera_model: pinhole
  distortion_coeffs: [ -0.19957400,  0.16977500, -0.00008300, -0.00020300,  0.00000000]
  distortion_model: plumb_bob
  intrinsics: [2174.42781900,2172.57924300,956.85045600,596.94859000]
  resolution: [1900,1200]
cam7:
  T_cam_body:
  - [  0.30266110,  0.95300640, -0.01323107, -1.85459974]
  - [  0.15342685, -0.06241788, -0.98618670,  1.43525658]
  - [ -0.94066809,  0.29645035, -0.16510823,  5.63298795]
  - [  0.00000000,  0.00000000,  0.00000000,  1.00000000]
  camera_model: pinhole
  distortion_coeffs: [ -0.19961400,  0.16420700, -0.00003500,  0.00040600,  0.00000000]
  distortion_model: plumb_bob
  intrinsics: [2174.75669700,2173.42025700,960.91814700,599.51184600]
  resolution: [1900,1200]
