cam0:
  T_cam_body:
  - [ -0.25574576, -0.96543331,  0.05032532,  2.19293477]
  - [  0.12464160, -0.08455044, -0.98859279,  0.35300498]
  - [  0.95867543, -0.24655579,  0.14195657,  0.15116570]
  - [  0.00000000,  0.00000000,  0.00000000,  1.00000000]
  camera_model: pinhole
  distortion_coeffs: [ -0.20016700,  0.16097300,  0.00039200, -0.00092100,  0.00000000]
  distortion_model: plumb_bob
  intrinsics: [2174.55148200,2172.55663800,959.19672800,613.07115500]
  resolution: [1920,1200]
cam1:
  T_cam_body:
  - [  0.22338806, -0.97431619,  0.02838535,  0.10189920]
  - [  0.16051633,  0.00804778, -0.98700038,  0.17125462]
  - [  0.96142201,  0.22504041,  0.15819144, -0.43611911]
  - [  0.00000000,  0.00000000,  0.00000000,  1.00000000]
  camera_model: pinhole
  distortion_coeffs: [ -0.20596600,  0.18770000, -0.00040500, -0.00052700,  0.00000000]
  distortion_model: plumb_bob
  intrinsics: [2175.13780800,2172.98911900,952.79468600,602.94764200]
  resolution: [1900,1200]
cam2:
  T_cam_body:
  - [  0.15822828, -0.98734425, -0.01073028,  0.16759131]
  - [ -0.17752593, -0.01775622, -0.98395592,  2.32719994]
  - [  0.97131270,  0.15759456, -0.17808874,  0.03541293]
  - [  0.00000000,  0.00000000,  0.00000000,  1.00000000]
  camera_model: pinhole
  distortion_coeffs: [ -0.18906700,  0.12491500,  0.00004300,  0.00029600,  0.00000000]
  distortion_model: plumb_bob
  intrinsics: [2168.75828100,2166.97968700,990.68865100,583.91409000]
  resolution: [1900,1200]
cam3:
  T_cam_body:
  - [ -0.22629535, -0.97405357, -0.00317070,  2.21111391]
  - [ -0.17990270,  0.04499429, -0.98265484,  2.21035652]
  - [  0.95730112, -0.22179980, -0.18541687,  0.54337341]
  - [  0.00000000,  0.00000000,  0.00000000,  1.00000000]
  camera_model: pinhole
  distortion_coeffs: [ -0.20373500,  0.17155500,  0.00030800,  0.00170700,  0.00000000]
  distortion_model: plumb_bob
  intrinsics: [2173.86677800,2171.87626100,976.88097600,604.27685400]
  resolution: [1900,1200]
cam4:
  T_cam_body:
  - [  0.21852896,  0.97508919, -0.03802840, -1.34622006]
  - [ -0.13537772, -0.00829979, -0.99075930,  1.00788890]
  - [ -0.96639431,  0.22165779,  0.13019160,  5.39647714]
  - [  0.00000000,  0.00000000,  0.00000000,  1.00000000]
  camera_model: pinhole
  distortion_coeffs: [ -0.19907400,  0.17018000,  0.00010400, -0.00099100,  0.00000000]
  distortion_model: plumb_bob
  intrinsics: [2167.49490200,2165.56980200,940.89474900,612.57647900]
  resolution: [1900,1200]
cam5:
  T_cam_body:
  - [ -0.29444120,  0.95566955,  0.00030332, -0.35616791]
  - [ -0.16921258, -0.05182191, -0.98421623,  1.28784915]
  - [ -0.94056977, -0.28984513,  0.17696982,  5.88043538]
  - [  0.00000000,  0.00000000,  0.00000000,  1.00000000]
  camera_model: pinhole
  distortion_coeffs: [ -0.20440700,  0.17692000, -0.00025400, -0.00018900,  0.00000000]
  distortion_model: plumb_bob
  intrinsics: [2169.53280200,2167.61894400,958.79047800,602.89947900]
  resolution: [1900,1200]
cam6:
  T_cam_body:
  - [ -0.16988832,  0.98511301, -0.02627406, -1.00650058]
  - [  0.18542625,  0.00576967, -0.98264125,  1.16818629]
  - [ -0.96786108, -0.17181117, -0.18364601,  6.26413042]
  - [  0.00000000,  0.00000000,  0.00000000,  1.00000000]
  camera_model: pinhole
  distortion_coeffs: [ -0.19957400,  0.16977500, -0.00008300, -0.00020300,  0.00000000]
  distortion_model: plumb_bob
  intrinsics: [2174.42781900,2172.57924300,956.85045600,596.94859000]
  resolution: [1900,1200]
cam7:
  T_cam_body:
  - [  0.30244256,  0.95307136, -0.01354569, -1.85346950]
  - [  0.15306502, -0.06258983, -0.98623203,  1.43637170]
  - [ -0.94079732,  0.29620517, -0.16481171,  5.63283047]
  - [  0.00000000,  0.00000000,  0.00000000,  1.00000000]
  camera_model: pinhole
  distortion_coeffs: [ -0.19961400,  0.16420700, -0.00003500,  0.00040600,  0.00000000]
  distortion_model: plumb_bob
  intrinsics: [2174.75669700,2173.42025700,960.91814700,599.51184600]
  resolution: [1900,1200]
