cam0:
  T_cam_body:
  - [ -0.25725099, -0.96507078,  0.04960157,  2.19046875]
  - [  0.12482480, -0.08408490, -0.98860938,  0.35095004]
  - [  0.95824877, -0.24812923,  0.14209570,  0.15324474]
  - [  0.00000000,  0.00000000,  0.00000000,  1.00000000]
  camera_model: pinhole
  distortion_coeffs: [ -0.20016700,  0.16097300,  0.00039200, -0.00092100,  0.00000000]
  distortion_model: plumb_bob
  intrinsics: [2174.55148200,2172.55663800,959.19672800,613.07115500]
  resolution: [1920,1200]
cam1:
  T_cam_body:
  - [  0.22524046, -0.97391271,  0.02758190,  0.10103931]
  - [  0.16027472,  0.00911393, -0.98703037,  0.17126032]
  - [  0.96103005,  0.22673985,  0.15814641, -0.43726587]
  - [  0.00000000,  0.00000000,  0.00000000,  1.00000000]
  camera_model: pinhole
  distortion_coeffs: [ -0.20596600,  0.18770000, -0.00040500, -0.00052700,  0.00000000]
  distortion_model: plumb_bob
  intrinsics: [2175.13780800,2172.98911900,952.79468600,602.94764200]
  resolution: [1900,1200]
cam2:
  T_cam_body:
  - [  0.15790074, -0.98738985, -0.01134217,  0.17148446]
  - [ -0.17700229, -0.01700177, -0.98406358,  2.32130876]
  - [  0.97146155,  0.15739196, -0.17745486,  0.03067631]
  - [  0.00000000,  0.00000000,  0.00000000,  1.00000000]
  camera_model: pinhole
  distortion_coeffs: [ -0.18906700,  0.12491500,  0.00004300,  0.00029600,  0.00000000]
  distortion_model: plumb_bob
  intrinsics: [2168.75828100,2166.97968700,990.68865100,583.91409000]
  resolution: [1900,1200]
cam3:
  T_cam_body:
  - [ -0.22592398, -0.97413777, -0.00373722,  2.21083503]
  - [ -0.17973695,  0.04545488, -0.98266397,  2.20914090]
  - [  0.95741996, -0.22133564, -0.18535790,  0.54291569]
  - [  0.00000000,  0.00000000,  0.00000000,  1.00000000]
  camera_model: pinhole
  distortion_coeffs: [ -0.20373500,  0.17155500,  0.00030800,  0.00170700,  0.00000000]
  distortion_model: plumb_bob
  intrinsics: [2173.86677800,2171.87626100,976.88097600,604.27685400]
  resolution: [1900,1200]
cam4:
  T_cam_body:
  - [  0.22075076,  0.97459698, -0.03781317, -1.35932864]
  - [ -0.13544798, -0.00776044, -0.99075407,  1.00757057]
  - [ -0.96587937,  0.22383143,  0.13029407,  5.39282476]
  - [  0.00000000,  0.00000000,  0.00000000,  1.00000000]
  camera_model: pinhole
  distortion_coeffs: [ -0.19907400,  0.17018000,  0.00010400, -0.00099100,  0.00000000]
  distortion_model: plumb_bob
  intrinsics: [2167.49490200,2165.56980200,940.89474900,612.57647900]
  resolution: [1900,1200]
cam5:
  T_cam_body:
  - [ -0.29522767,  0.95542681,  0.00047713, -0.35035499]
  - [ -0.16887053, -0.05168959, -0.98428194,  1.28667600]
  - [ -0.94038469, -0.29066784,  0.17660363,  5.88132715]
  - [  0.00000000,  0.00000000,  0.00000000,  1.00000000]
  camera_model: pinhole
  distortion_coeffs: [ -0.20440700,  0.17692000, -0.00025400, -0.00018900,  0.00000000]
  distortion_model: plumb_bob
  intrinsics: [2169.53280200,2167.61894400,958.79047800,602.89947900]
  resolution: [1900,1200]
cam6:
  T_cam_body:
  - [ -0.16977575,  0.98513542, -0.02616093, -1.00759042]
  - [  0.18507778,  0.00579940, -0.98270676,  1.17003491]
  - [ -0.96794753, -0.17168158, -0.18331127,  6.26396303]
  - [  0.00000000,  0.00000000,  0.00000000,  1.00000000]
  camera_model: pinhole
  distortion_coeffs: [ -0.19957400,  0.16977500, -0.00008300, -0.00020300,  0.00000000]
  distortion_model: plumb_bob
  intrinsics: [2174.42781900,2172.57924300,956.85045600,596.94859000]
  resolution: [1900,1200]
cam7:
  T_cam_body:
  - [  0.30277430,  0.95297143, -0.01315950, -1.85468358]
  - [  0.15339795, -0.06235528, -0.98619516,  1.43447717]
  - [ -0.94063638,  0.29657591, -0.16506344,  5.63315450]
  - [  0.00000000,  0.00000000,  0.00000000,  1.00000000]
  camera_model: pinhole
  distortion_coeffs: [ -0.19961400,  0.16420700, -0.00003500,  0.00040600,  0.00000000]
  distortion_model: plumb_bob
  intrinsics: [2174.75669700,2173.42025700,960.91814700,599.51184600]
  resolution: [1900,1200]
