cam0:
  T_cam_body:
  - [ -0.25646401, -0.96525188,  0.05014994,  2.19901506]
  - [  0.12315114, -0.08409517, -0.98881839,  0.36066951]
  - [  0.95867617, -0.24742030,  0.14043925,  0.15654274]
  - [  0.00000000,  0.00000000,  0.00000000,  1.00000000]
  camera_model: pinhole
  distortion_coeffs: [ -0.20016700,  0.16097300,  0.00039200, -0.00092100,  0.00000000]
  distortion_model: plumb_bob
  intrinsics: [2174.55148200,2172.55663800,959.19672800,613.07115500]
  resolution: [1920,1200]
cam1:
  T_cam_body:
  - [  0.22316667, -0.97436565,  0.02842905,  0.10263178]
  - [  0.16030056,  0.00791616, -0.98703651,  0.17173161]
  - [  0.96150942,  0.22483084,  0.15795799, -0.43508627]
  - [  0.00000000,  0.00000000,  0.00000000,  1.00000000]
  camera_model: pinhole
  distortion_coeffs: [ -0.20596600,  0.18770000, -0.00040500, -0.00052700,  0.00000000]
  distortion_model: plumb_bob
  intrinsics: [2175.13780800,2172.98911900,952.79468600,602.94764200]
  resolution: [1900,1200]
cam2:
  T_cam_body:
  - [  0.15779503, -0.98740976, -0.01107698,  0.17069600]
  - [ -0.17742436, -0.01731513, -0.98398210,  2.32574161]
  - [  0.97140173,  0.15723281, -0.17792279,  0.03417505]
  - [  0.00000000,  0.00000000,  0.00000000,  1.00000000]
  camera_model: pinhole
  distortion_coeffs: [ -0.18906700,  0.12491500,  0.00004300,  0.00029600,  0.00000000]
  distortion_model: plumb_bob
  intrinsics: [2168.75828100,2166.97968700,990.68865100,583.91409000]
  resolution: [1900,1200]
cam3:
  T_cam_body:
  - [ -0.22584380, -0.97415666, -0.00365810,  2.20848332]
  - [ -0.18107310,  0.04566820, -0.98240875,  2.21566963]
  - [  0.95718708, -0.22120854, -0.18670744,  0.54201332]
  - [  0.00000000,  0.00000000,  0.00000000,  1.00000000]
  camera_model: pinhole
  distortion_coeffs: [ -0.20373500,  0.17155500,  0.00030800,  0.00170700,  0.00000000]
  distortion_model: plumb_bob
  intrinsics: [2173.86677800,2171.87626100,976.88097600,604.27685400]
  resolution: [1900,1200]
cam4:
  T_cam_body:
  - [  0.21882379,  0.97502258, -0.03804106, -1.34781823]
  - [ -0.13515598, -0.00832323, -0.99078937,  1.00876847]
  - [ -0.96635863,  0.22194977,  0.12995881,  5.39584503]
  - [  0.00000000,  0.00000000,  0.00000000,  1.00000000]
  camera_model: pinhole
  distortion_coeffs: [ -0.19907400,  0.17018000,  0.00010400, -0.00099100,  0.00000000]
  distortion_model: plumb_bob
  intrinsics: [2167.49490200,2165.56980200,940.89474900,612.57647900]
  resolution: [1900,1200]
cam5:
  T_cam_body:
  - [ -0.29467801,  0.95559656,  0.00027506, -0.35560275]
  - [ -0.16910549, -0.05186388, -0.98423243,  1.28767011]
  - [ -0.94051486, -0.29007817,  0.17687977,  5.88038264]
  - [  0.00000000,  0.00000000,  0.00000000,  1.00000000]
  camera_model: pinhole
  distortion_coeffs: [ -0.20440700,  0.17692000, -0.00025400, -0.00018900,  0.00000000]
  distortion_model: plumb_bob
  intrinsics: [2169.53280200,2167.61894400,958.79047800,602.89947900]
  resolution: [1900,1200]
cam6:
  T_cam_body:
  - [ -0.16998139,  0.98509672, -0.02628254, -1.00592428]
  - [  0.18524635,  0.00574687, -0.98267531,  1.16894136]
  - [ -0.96787918, -0.17190526, -0.18346244,  6.26335812]
  - [  0.00000000,  0.00000000,  0.00000000,  1.00000000]
  camera_model: pinhole
  distortion_coeffs: [ -0.19957400,  0.16977500, -0.00008300, -0.00020300,  0.00000000]
  distortion_model: plumb_bob
  intrinsics: [2174.42781900,2172.57924300,956.85045600,596.94859000]
  resolution: [1900,1200]
cam7:
  T_cam_body:
  - [  0.30228428,  0.95312194, -0.01351951, -1.85366852]
  - [  0.15320073, -0.06257675, -0.98621179,  1.43602308]
  - [ -0.94082610,  0.29604513, -0.16493494,  5.63275423]
  - [  0.00000000,  0.00000000,  0.00000000,  1.00000000]
  camera_model: pinhole
  distortion_coeffs: [ -0.19961400,  0.16420700, -0.00003500,  0.00040600,  0.00000000]
  distortion_model: plumb_bob
  intrinsics: [2174.75669700,2173.42025700,960.91814700,599.51184600]
  resolution: [1900,1200]
