cam0:
  T_cam_body:
  - [ -0.25708231, -0.96512151,  0.04948888,  2.19145481]
  - [  0.12499693, -0.08398839, -0.98859583,  0.35088453]
  - [  0.95827160, -0.24796454,  0.14222915,  0.15080831]
  - [  0.00000000,  0.00000000,  0.00000000,  1.00000000]
  camera_model: pinhole
  distortion_coeffs: [ -0.20016700,  0.16097300,  0.00039200, -0.00092100,  0.00000000]
  distortion_model: plumb_bob
  intrinsics: [2174.55148200,2172.55663800,959.19672800,613.07115500]
  resolution: [1920,1200]
cam1:
  T_cam_body:
  - [  0.22492420, -0.97398767,  0.02751591,  0.10124922]
  - [  0.16025943,  0.00912447, -0.98703275,  0.17142444]
  - [  0.96110666,  0.22641723,  0.15814302, -0.43791721]
  - [  0.00000000,  0.00000000,  0.00000000,  1.00000000]
  camera_model: pinhole
  distortion_coeffs: [ -0.20596600,  0.18770000, -0.00040500, -0.00052700,  0.00000000]
  distortion_model: plumb_bob
  intrinsics: [2175.13780800,2172.98911900,952.79468600,602.94764200]
  resolution: [1900,1200]
cam2:
  T_cam_body:
  - [  0.15752573, -0.98744886, -0.01141878,  0.17232566]
  - [ -0.17666908, -0.01680329, -0.98412686,  2.32078416]
  - [  0.97158308,  0.15704265, -0.17709863,  0.02961745]
  - [  0.00000000,  0.00000000,  0.00000000,  1.00000000]
  camera_model: pinhole
  distortion_coeffs: [ -0.18906700,  0.12491500,  0.00004300,  0.00029600,  0.00000000]
  distortion_model: plumb_bob
  intrinsics: [2168.75828100,2166.97968700,990.68865100,583.91409000]
  resolution: [1900,1200]
cam3:
  T_cam_body:
  - [ -0.22601359, -0.97411719, -0.00368245,  2.21170946]
  - [ -0.17954820,  0.04537348, -0.98270224,  2.20883692]
  - [  0.95743423, -0.22144289, -0.18515601,  0.54155032]
  - [  0.00000000,  0.00000000,  0.00000000,  1.00000000]
  camera_model: pinhole
  distortion_coeffs: [ -0.20373500,  0.17155500,  0.00030800,  0.00170700,  0.00000000]
  distortion_model: plumb_bob
  intrinsics: [2173.86677800,2171.87626100,976.88097600,604.27685400]
  resolution: [1900,1200]
cam4:
  T_cam_body:
  - [  0.22033099,  0.97468235, -0.03806008, -1.35663718]
  - [ -0.13557004, -0.00804075, -0.99073514,  1.00869062]
  - [ -0.96595808,  0.22344946,  0.13036610,  5.39176745]
  - [  0.00000000,  0.00000000,  0.00000000,  1.00000000]
  camera_model: pinhole
  distortion_coeffs: [ -0.19907400,  0.17018000,  0.00010400, -0.00099100,  0.00000000]
  distortion_model: plumb_bob
  intrinsics: [2167.49490200,2165.56980200,940.89474900,612.57647900]
  resolution: [1900,1200]
cam5:
  T_cam_body:
  - [ -0.29464314,  0.95560728,  0.00037536, -0.35429422]
  - [ -0.16890196, -0.05169105, -0.98427647,  1.28681050]
  - [ -0.94056236, -0.29007371,  0.17663436,  5.88009115]
  - [  0.00000000,  0.00000000,  0.00000000,  1.00000000]
  camera_model: pinhole
  distortion_coeffs: [ -0.20440700,  0.17692000, -0.00025400, -0.00018900,  0.00000000]
  distortion_model: plumb_bob
  intrinsics: [2169.53280200,2167.61894400,958.79047800,602.89947900]
  resolution: [1900,1200]
cam6:
  T_cam_body:
  - [ -0.16978609,  0.98513057, -0.02627649, -1.00679316]
  - [  0.18489534,  0.00565372, -0.98274195,  1.17090342]
  - [ -0.96798058, -0.17171431, -0.18310597,  6.26267469]
  - [  0.00000000,  0.00000000,  0.00000000,  1.00000000]
  camera_model: pinhole
  distortion_coeffs: [ -0.19957400,  0.16977500, -0.00008300, -0.00020300,  0.00000000]
  distortion_model: plumb_bob
  intrinsics: [2174.42781900,2172.57924300,956.85045600,596.94859000]
  resolution: [1900,1200]
cam7:
  T_cam_body:
  - [  0.30280503,  0.95295820, -0.01340791, -1.85321650]
  - [  0.15297177, -0.06248355, -0.98625324,  1.43601599]
  - [ -0.94069589,  0.29659141, -0.16469604,  5.63154198]
  - [  0.00000000,  0.00000000,  0.00000000,  1.00000000]
  camera_model: pinhole
  distortion_coeffs: [ -0.19961400,  0.16420700, -0.00003500,  0.00040600,  0.00000000]
  distortion_model: plumb_bob
  intrinsics: [2174.75669700,2173.42025700,960.91814700,599.51184600]
  resolution: [1900,1200]
