cam0:
  T_cam_body:
  - [ -0.25768551, -0.96494712,  0.04975176,  2.19091211]
  - [  0.12483232, -0.08430675, -0.98858953,  0.35159708]
  - [  0.95813103, -0.24853457,  0.14218121,  0.15321436]
  - [  0.00000000,  0.00000000,  0.00000000,  1.00000000]
  camera_model: pinhole
  distortion_coeffs: [ -0.20016700,  0.16097300,  0.00039200, -0.00092100,  0.00000000]
  distortion_model: plumb_bob
  intrinsics: [2174.55148200,2172.55663800,959.19672800,613.07115500]
  resolution: [1920,1200]
cam1:
  T_cam_body:
  - [  0.22477651, -0.97401535,  0.02774214,  0.10145593]
  - [  0.16036543,  0.00889555, -0.98701763,  0.17098926]
  - [  0.96112354,  0.22630725,  0.15819790, -0.43680789]
  - [  0.00000000,  0.00000000,  0.00000000,  1.00000000]
  camera_model: pinhole
  distortion_coeffs: [ -0.20596600,  0.18770000, -0.00040500, -0.00052700,  0.00000000]
  distortion_model: plumb_bob
  intrinsics: [2175.13780800,2172.98911900,952.79468600,602.94764200]
  resolution: [1900,1200]
cam2:
  T_cam_body:
  - [  0.15757771, -0.98744216, -0.01128076,  0.17226682]
  - [ -0.17674487, -0.01696255, -0.98411052,  2.32113365]
  - [  0.97156087,  0.15706770, -0.17719825,  0.03137016]
  - [  0.00000000,  0.00000000,  0.00000000,  1.00000000]
  camera_model: pinhole
  distortion_coeffs: [ -0.18906700,  0.12491500,  0.00004300,  0.00029600,  0.00000000]
  distortion_model: plumb_bob
  intrinsics: [2168.75828100,2166.97968700,990.68865100,583.91409000]
  resolution: [1900,1200]
cam3:
  T_cam_body:
  - [ -0.22621808, -0.97407031, -0.00352239,  2.21189490]
  - [ -0.17969702,  0.04528635, -0.98267906,  2.20892270]
  - [  0.95735801, -0.22166680, -0.18528212,  0.54275167]
  - [  0.00000000,  0.00000000,  0.00000000,  1.00000000]
  camera_model: pinhole
  distortion_coeffs: [ -0.20373500,  0.17155500,  0.00030800,  0.00170700,  0.00000000]
  distortion_model: plumb_bob
  intrinsics: [2173.86677800,2171.87626100,976.88097600,604.27685400]
  resolution: [1900,1200]
cam4:
  T_cam_body:
  - [  0.21928623,  0.97491048, -0.03825064, -1.35028912]
  - [ -0.13576665, -0.00833243, -0.99070580,  1.00971103]
  - [ -0.96616819,  0.22244131,  0.13053314,  5.39356261]
  - [  0.00000000,  0.00000000,  0.00000000,  1.00000000]
  camera_model: pinhole
  distortion_coeffs: [ -0.19907400,  0.17018000,  0.00010400, -0.00099100,  0.00000000]
  distortion_model: plumb_bob
  intrinsics: [2167.49490200,2165.56980200,940.89474900,612.57647900]
  resolution: [1900,1200]
cam5:
  T_cam_body:
  - [ -0.29473470,  0.95557908,  0.00029492, -0.35341151]
  - [ -0.16921287, -0.05188753, -0.98421273,  1.28839207]
  - [ -0.94047778, -0.29013154,  0.17698933,  5.88057675]
  - [  0.00000000,  0.00000000,  0.00000000,  1.00000000]
  camera_model: pinhole
  distortion_coeffs: [ -0.20440700,  0.17692000, -0.00025400, -0.00018900,  0.00000000]
  distortion_model: plumb_bob
  intrinsics: [2169.53280200,2167.61894400,958.79047800,602.89947900]
  resolution: [1900,1200]
cam6:
  T_cam_body:
  - [ -0.16985814,  0.98511725, -0.02630999, -1.00689479]
  - [  0.18529848,  0.00570544, -0.98266572,  1.16821250]
  - [ -0.96789084, -0.17178898, -0.18350985,  6.26466087]
  - [  0.00000000,  0.00000000,  0.00000000,  1.00000000]
  camera_model: pinhole
  distortion_coeffs: [ -0.19957400,  0.16977500, -0.00008300, -0.00020300,  0.00000000]
  distortion_model: plumb_bob
  intrinsics: [2174.42781900,2172.57924300,956.85045600,596.94859000]
  resolution: [1900,1200]
cam7:
  T_cam_body:
  - [  0.30294356,  0.95291396, -0.01342327, -1.85435509]
  - [  0.15315879, -0.06258354, -0.98621787,  1.43548499]
  - [ -0.94062085,  0.29671246, -0.16490643,  5.63175824]
  - [  0.00000000,  0.00000000,  0.00000000,  1.00000000]
  camera_model: pinhole
  distortion_coeffs: [ -0.19961400,  0.16420700, -0.00003500,  0.00040600,  0.00000000]
  distortion_model: plumb_bob
  intrinsics: [2174.75669700,2173.42025700,960.91814700,599.51184600]
  resolution: [1900,1200]
