cam0:
  T_cam_body:
  - [ -0.25675207, -0.96521697,  0.04934138,  2.19140052]
  - [  0.12538227, -0.08388669, -0.98855567,  0.35015252]
  - [  0.95830979, -0.24762718,  0.14255917,  0.15120584]
  - [  0.00000000,  0.00000000,  0.00000000,  1.00000000]
  camera_model: pinhole
  distortion_coeffs: [ -0.20016700,  0.16097300,  0.00039200, -0.00092100,  0.00000000]
  distortion_model: plumb_bob
  intrinsics: [2174.55148200,2172.55663800,959.19672800,613.07115500]
  resolution: [1920,1200]
cam1:
  T_cam_body:
  - [  0.22436625, -0.97411624,  0.02751980,  0.10204823]
  - [  0.16026740,  0.00902938, -0.98703234,  0.17170980]
  - [  0.96123574,  0.22586727,  0.15814496, -0.43655997]
  - [  0.00000000,  0.00000000,  0.00000000,  1.00000000]
  camera_model: pinhole
  distortion_coeffs: [ -0.20596600,  0.18770000, -0.00040500, -0.00052700,  0.00000000]
  distortion_model: plumb_bob
  intrinsics: [2175.13780800,2172.98911900,952.79468600,602.94764200]
  resolution: [1900,1200]
cam2:
  T_cam_body:
  - [  0.15747932, -0.98745331, -0.01167134,  0.17324733]
  - [ -0.17643737, -0.01650570, -0.98417347,  2.32081124]
  - [  0.97163271,  0.15704623, -0.17682297,  0.03006441]
  - [  0.00000000,  0.00000000,  0.00000000,  1.00000000]
  camera_model: pinhole
  distortion_coeffs: [ -0.18906700,  0.12491500,  0.00004300,  0.00029600,  0.00000000]
  distortion_model: plumb_bob
  intrinsics: [2168.75828100,2166.97968700,990.68865100,583.91409000]
  resolution: [1900,1200]
cam3:
  T_cam_body:
  - [ -0.22627220, -0.97405650, -0.00385048,  2.21229028]
  - [ -0.17953194,  0.04558970, -0.98269520,  2.20832417]
  - [  0.95737619, -0.22166532, -0.18518993,  0.54194431]
  - [  0.00000000,  0.00000000,  0.00000000,  1.00000000]
  camera_model: pinhole
  distortion_coeffs: [ -0.20373500,  0.17155500,  0.00030800,  0.00170700,  0.00000000]
  distortion_model: plumb_bob
  intrinsics: [2173.86677800,2171.87626100,976.88097600,604.27685400]
  resolution: [1900,1200]
cam4:
  T_cam_body:
  - [  0.21904200,  0.97496465, -0.03826914, -1.34877668]
  - [ -0.13591531, -0.00835057, -0.99068527,  1.00991346]
  - [ -0.96620269,  0.22220304,  0.13068349,  5.39293973]
  - [  0.00000000,  0.00000000,  0.00000000,  1.00000000]
  camera_model: pinhole
  distortion_coeffs: [ -0.19907400,  0.17018000,  0.00010400, -0.00099100,  0.00000000]
  distortion_model: plumb_bob
  intrinsics: [2167.49490200,2165.56980200,940.89474900,612.57647900]
  resolution: [1900,1200]
cam5:
  T_cam_body:
  - [ -0.29408106,  0.95578045,  0.00024314, -0.35864683]
  - [ -0.16910782, -0.05178187, -0.98423635,  1.28795678]
  - [ -0.94070127, -0.28948639,  0.17685801,  5.87990383]
  - [  0.00000000,  0.00000000,  0.00000000,  1.00000000]
  camera_model: pinhole
  distortion_coeffs: [ -0.20440700,  0.17692000, -0.00025400, -0.00018900,  0.00000000]
  distortion_model: plumb_bob
  intrinsics: [2169.53280200,2167.61894400,958.79047800,602.89947900]
  resolution: [1900,1200]
cam6:
  T_cam_body:
  - [ -0.16989520,  0.98511076, -0.02631356, -1.00663714]
  - [  0.18525077,  0.00570042, -0.98267475,  1.16871112]
  - [ -0.96789347, -0.17182633, -0.18346100,  6.26342982]
  - [  0.00000000,  0.00000000,  0.00000000,  1.00000000]
  camera_model: pinhole
  distortion_coeffs: [ -0.19957400,  0.16977500, -0.00008300, -0.00020300,  0.00000000]
  distortion_model: plumb_bob
  intrinsics: [2174.42781900,2172.57924300,956.85045600,596.94859000]
  resolution: [1900,1200]
cam7:
  T_cam_body:
  - [  0.30270728,  0.95298746, -0.01353536, -1.85233079]
  - [  0.15282756, -0.06255229, -0.98627123,  1.43658631]
  - [ -0.94075079,  0.29648290, -0.16457778,  5.63197718]
  - [  0.00000000,  0.00000000,  0.00000000,  1.00000000]
  camera_model: pinhole
  distortion_coeffs: [ -0.19961400,  0.16420700, -0.00003500,  0.00040600,  0.00000000]
  distortion_model: plumb_bob
  intrinsics: [2174.75669700,2173.42025700,960.91814700,599.51184600]
  resolution: [1900,1200]
