cam0:
  T_cam_body:
  - [ -0.25782286, -0.96490943,  0.04977115,  2.19074417]
  - [  0.12408674, -0.08415397, -0.98869641,  0.35317705]
  - [  0.95819093, -0.24873260,  0.14142928,  0.15426666]
  - [  0.00000000,  0.00000000,  0.00000000,  1.00000000]
  camera_model: pinhole
  distortion_coeffs: [ -0.20016700,  0.16097300,  0.00039200, -0.00092100,  0.00000000]
  distortion_model: plumb_bob
  intrinsics: [2174.55148200,2172.55663800,959.19672800,613.07115500]
  resolution: [1920,1200]
cam1:
  T_cam_body:
  - [  0.22521803, -0.97391960,  0.02752167,  0.10069403]
  - [  0.15998654,  0.00910325, -0.98707722,  0.17250254]
  - [  0.96108332,  0.22671069,  0.15786424, -0.43692981]
  - [  0.00000000,  0.00000000,  0.00000000,  1.00000000]
  camera_model: pinhole
  distortion_coeffs: [ -0.20596600,  0.18770000, -0.00040500, -0.00052700,  0.00000000]
  distortion_model: plumb_bob
  intrinsics: [2175.13780800,2172.98911900,952.79468600,602.94764200]
  resolution: [1900,1200]
cam2:
  T_cam_body:
  - [  0.15788678, -0.98739076, -0.01145666,  0.17149871]
  - [ -0.17729313, -0.01693225, -0.98401242,  2.32172537]
  - [  0.97141078,  0.15739374, -0.17773098,  0.03127857]
  - [  0.00000000,  0.00000000,  0.00000000,  1.00000000]
  camera_model: pinhole
  distortion_coeffs: [ -0.18906700,  0.12491500,  0.00004300,  0.00029600,  0.00000000]
  distortion_model: plumb_bob
  intrinsics: [2168.75828100,2166.97968700,990.68865100,583.91409000]
  resolution: [1900,1200]
cam3:
  T_cam_body:
  - [ -0.22640643, -0.97402704, -0.00338359,  2.21210807]
  - [ -0.18047903,  0.04536434, -0.98253213,  2.21027413]
  - [  0.95716636, -0.22184093, -0.18606223,  0.54343028]
  - [  0.00000000,  0.00000000,  0.00000000,  1.00000000]
  camera_model: pinhole
  distortion_coeffs: [ -0.20373500,  0.17155500,  0.00030800,  0.00170700,  0.00000000]
  distortion_model: plumb_bob
  intrinsics: [2173.86677800,2171.87626100,976.88097600,604.27685400]
  resolution: [1900,1200]
cam4:
  T_cam_body:
  - [  0.22022692,  0.97470335, -0.03812448, -1.35438620]
  - [ -0.13450078, -0.00836770, -0.99087816,  1.00863773]
  - [ -0.96613128,  0.22334581,  0.12925557,  5.39649188]
  - [  0.00000000,  0.00000000,  0.00000000,  1.00000000]
  camera_model: pinhole
  distortion_coeffs: [ -0.19907400,  0.17018000,  0.00010400, -0.00099100,  0.00000000]
  distortion_model: plumb_bob
  intrinsics: [2167.49490200,2165.56980200,940.89474900,612.57647900]
  resolution: [1900,1200]
cam5:
  T_cam_body:
  - [ -0.29505840,  0.95547917,  0.00030406, -0.34815328]
  - [ -0.16851754, -0.05172611, -0.98434051,  1.28767159]
  - [ -0.94050113, -0.29048917,  0.17627722,  5.88174400]
  - [  0.00000000,  0.00000000,  0.00000000,  1.00000000]
  camera_model: pinhole
  distortion_coeffs: [ -0.20440700,  0.17692000, -0.00025400, -0.00018900,  0.00000000]
  distortion_model: plumb_bob
  intrinsics: [2169.53280200,2167.61894400,958.79047800,602.89947900]
  resolution: [1900,1200]
cam6:
  T_cam_body:
  - [ -0.16955282,  0.98516760, -0.02639388, -1.00688286]
  - [  0.18545685,  0.00559208, -0.98263650,  1.16719398]
  - [ -0.96791404, -0.17150372, -0.18365423,  6.26425653]
  - [  0.00000000,  0.00000000,  0.00000000,  1.00000000]
  camera_model: pinhole
  distortion_coeffs: [ -0.19957400,  0.16977500, -0.00008300, -0.00020300,  0.00000000]
  distortion_model: plumb_bob
  intrinsics: [2174.42781900,2172.57924300,956.85045600,596.94859000]
  resolution: [1900,1200]
cam7:
  T_cam_body:
  - [  0.30277009,  0.95296936, -0.01340388, -1.85467049]
  - [  0.15416375, -0.06284882, -0.98604440,  1.43395107]
  - [ -0.94051253,  0.29647836, -0.16594207,  5.63439712]
  - [  0.00000000,  0.00000000,  0.00000000,  1.00000000]
  camera_model: pinhole
  distortion_coeffs: [ -0.19961400,  0.16420700, -0.00003500,  0.00040600,  0.00000000]
  distortion_model: plumb_bob
  intrinsics: [2174.75669700,2173.42025700,960.91814700,599.51184600]
  resolution: [1900,1200]
