cam0:
  T_cam_body:
  - [ -0.25707270, -0.96509224,  0.05010580,  2.19258652]
  - [  0.12503397, -0.08462843, -0.98853656,  0.35273822]
  - [  0.95826934, -0.24786083,  0.14242498,  0.15248175]
  - [  0.00000000,  0.00000000,  0.00000000,  1.00000000]
  camera_model: pinhole
  distortion_coeffs: [ -0.20016700,  0.16097300,  0.00039200, -0.00092100,  0.00000000]
  distortion_model: plumb_bob
  intrinsics: [2174.55148200,2172.55663800,959.19672800,613.07115500]
  resolution: [1920,1200]
cam1:
  T_cam_body:
  - [  0.22442837, -0.97408079,  0.02825799,  0.10063552]
  - [  0.16081414,  0.00842031, -0.98694879,  0.17052925]
  - [  0.96112992,  0.22604359,  0.15853572, -0.43762042]
  - [  0.00000000,  0.00000000,  0.00000000,  1.00000000]
  camera_model: pinhole
  distortion_coeffs: [ -0.20596600,  0.18770000, -0.00040500, -0.00052700,  0.00000000]
  distortion_model: plumb_bob
  intrinsics: [2175.13780800,2172.98911900,952.79468600,602.94764200]
  resolution: [1900,1200]
cam2:
  T_cam_body:
  - [  0.15771349, -0.98742356, -0.01100728,  0.17081028]
  - [ -0.17619706, -0.01717119, -0.98420513,  2.32050306]
  - [  0.97163833,  0.15716188, -0.17668926,  0.02916300]
  - [  0.00000000,  0.00000000,  0.00000000,  1.00000000]
  camera_model: pinhole
  distortion_coeffs: [ -0.18906700,  0.12491500,  0.00004300,  0.00029600,  0.00000000]
  distortion_model: plumb_bob
  intrinsics: [2168.75828100,2166.97968700,990.68865100,583.91409000]
  resolution: [1900,1200]
cam3:
  T_cam_body:
  - [ -0.22649055, -0.97400800, -0.00323362,  2.21224491]
  - [ -0.17970899,  0.04505099, -0.98268768,  2.20995817]
  - [  0.95729134, -0.22198836, -0.18524162,  0.54172028]
  - [  0.00000000,  0.00000000,  0.00000000,  1.00000000]
  camera_model: pinhole
  distortion_coeffs: [ -0.20373500,  0.17155500,  0.00030800,  0.00170700,  0.00000000]
  distortion_model: plumb_bob
  intrinsics: [2173.86677800,2171.87626100,976.88097600,604.27685400]
  resolution: [1900,1200]
cam4:
  T_cam_body:
  - [  0.21843721,  0.97510726, -0.03809220, -1.34678510]
  - [ -0.13541108, -0.00836953, -0.99075415,  1.00869973]
  - [ -0.96641038,  0.22157568,  0.13021211,  5.39706926]
  - [  0.00000000,  0.00000000,  0.00000000,  1.00000000]
  camera_model: pinhole
  distortion_coeffs: [ -0.19907400,  0.17018000,  0.00010400, -0.00099100,  0.00000000]
  distortion_model: plumb_bob
  intrinsics: [2167.49490200,2165.56980200,940.89474900,612.57647900]
  resolution: [1900,1200]
cam5:
  T_cam_body:
  - [ -0.29431473,  0.95570853,  0.00019314, -0.35570300]
  - [ -0.16926530, -0.05192711, -0.98420162,  1.28811377]
  - [ -0.94059986, -0.28969773,  0.17705120,  5.88016503]
  - [  0.00000000,  0.00000000,  0.00000000,  1.00000000]
  camera_model: pinhole
  distortion_coeffs: [ -0.20440700,  0.17692000, -0.00025400, -0.00018900,  0.00000000]
  distortion_model: plumb_bob
  intrinsics: [2169.53280200,2167.61894400,958.79047800,602.89947900]
  resolution: [1900,1200]
cam6:
  T_cam_body:
  - [ -0.16989455,  0.98510789, -0.02642501, -1.00619482]
  - [  0.18506213,  0.00555564, -0.98271112,  1.16930582]
  - [ -0.96792967, -0.17184754, -0.18325004,  6.26449006]
  - [  0.00000000,  0.00000000,  0.00000000,  1.00000000]
  camera_model: pinhole
  distortion_coeffs: [ -0.19957400,  0.16977500, -0.00008300, -0.00020300,  0.00000000]
  distortion_model: plumb_bob
  intrinsics: [2174.42781900,2172.57924300,956.85045600,596.94859000]
  resolution: [1900,1200]
cam7:
  T_cam_body:
  - [  0.30225705,  0.95312979, -0.01357493, -1.85305780]
  - [  0.15291473, -0.06253917, -0.98625855,  1.43717286]
  - [ -0.94088137,  0.29602779, -0.16465049,  5.63340765]
  - [  0.00000000,  0.00000000,  0.00000000,  1.00000000]
  camera_model: pinhole
  distortion_coeffs: [ -0.19961400,  0.16420700, -0.00003500,  0.00040600,  0.00000000]
  distortion_model: plumb_bob
  intrinsics: [2174.75669700,2173.42025700,960.91814700,599.51184600]
  resolution: [1900,1200]
