cam0:
  T_cam_body:
  - [ -0.25849714, -0.96468266,  0.05066156,  2.19027303]
  - [  0.12339255, -0.08498786, -0.98871196,  0.35429706]
  - [  0.95809890, -0.24932796,  0.14100377,  0.15711088]
  - [  0.00000000,  0.00000000,  0.00000000,  1.00000000]
  camera_model: pinhole
  distortion_coeffs: [ -0.20016700,  0.16097300,  0.00039200, -0.00092100,  0.00000000]
  distortion_model: plumb_bob
  intrinsics: [2174.55148200,2172.55663800,959.19672800,613.07115500]
  resolution: [1920,1200]
cam1:
  T_cam_body:
  - [  0.22514995, -0.97392477,  0.02789344,  0.10120225]
  - [  0.15982854,  0.00867786, -0.98710665,  0.17299674]
  - [  0.96112556,  0.22670518,  0.15761479, -0.43529688]
  - [  0.00000000,  0.00000000,  0.00000000,  1.00000000]
  camera_model: pinhole
  distortion_coeffs: [ -0.20596600,  0.18770000, -0.00040500, -0.00052700,  0.00000000]
  distortion_model: plumb_bob
  intrinsics: [2175.13780800,2172.98911900,952.79468600,602.94764200]
  resolution: [1900,1200]
cam2:
  T_cam_body:
  - [  0.15878064, -0.98725593, -0.01069772,  0.16644761]
  - [ -0.17899816, -0.01812933, -0.98368236,  2.33010124]
  - [  0.97095230,  0.15810458, -0.17959558,  0.03934459]
  - [  0.00000000,  0.00000000,  0.00000000,  1.00000000]
  camera_model: pinhole
  distortion_coeffs: [ -0.18906700,  0.12491500,  0.00004300,  0.00029600,  0.00000000]
  distortion_model: plumb_bob
  intrinsics: [2168.75828100,2166.97968700,990.68865100,583.91409000]
  resolution: [1900,1200]
cam3:
  T_cam_body:
  - [ -0.22644160, -0.97402117, -0.00263983,  2.21068223]
  - [ -0.18062735,  0.04465537, -0.98253736,  2.21150826]
  - [  0.95713007, -0.22201050, -0.18604670,  0.54471908]
  - [  0.00000000,  0.00000000,  0.00000000,  1.00000000]
  camera_model: pinhole
  distortion_coeffs: [ -0.20373500,  0.17155500,  0.00030800,  0.00170700,  0.00000000]
  distortion_model: plumb_bob
  intrinsics: [2173.86677800,2171.87626100,976.88097600,604.27685400]
  resolution: [1900,1200]
cam4:
  T_cam_body:
  - [  0.22101739,  0.97453379, -0.03788403, -1.36151239]
  - [ -0.13513497, -0.00786855, -0.99079596,  1.00562397]
  - [ -0.96586223,  0.22410259,  0.12995451,  5.39396022]
  - [  0.00000000,  0.00000000,  0.00000000,  1.00000000]
  camera_model: pinhole
  distortion_coeffs: [ -0.19907400,  0.17018000,  0.00010400, -0.00099100,  0.00000000]
  distortion_model: plumb_bob
  intrinsics: [2167.49490200,2165.56980200,940.89474900,612.57647900]
  resolution: [1900,1200]
cam5:
  T_cam_body:
  - [ -0.29612763,  0.95514825,  0.00050437, -0.34088924]
  - [ -0.16829261, -0.05165649, -0.98438265,  1.28813615]
  - [ -0.94020531, -0.29158778,  0.17604131,  5.88284797]
  - [  0.00000000,  0.00000000,  0.00000000,  1.00000000]
  camera_model: pinhole
  distortion_coeffs: [ -0.20440700,  0.17692000, -0.00025400, -0.00018900,  0.00000000]
  distortion_model: plumb_bob
  intrinsics: [2169.53280200,2167.61894400,958.79047800,602.89947900]
  resolution: [1900,1200]
cam6:
  T_cam_body:
  - [ -0.16949416,  0.98518536, -0.02610633, -1.00771011]
  - [  0.18619855,  0.00599913, -0.98249382,  1.16370604]
  - [ -0.96778191, -0.17138792, -0.18445691,  6.26546771]
  - [  0.00000000,  0.00000000,  0.00000000,  1.00000000]
  camera_model: pinhole
  distortion_coeffs: [ -0.19957400,  0.16977500, -0.00008300, -0.00020300,  0.00000000]
  distortion_model: plumb_bob
  intrinsics: [2174.42781900,2172.57924300,956.85045600,596.94859000]
  resolution: [1900,1200]
cam7:
  T_cam_body:
  - [  0.30294707,  0.95291331, -0.01339011, -1.85459430]
  - [  0.15370092, -0.06272089, -0.98612480,  1.43303182]
  - [ -0.94053129,  0.29668555, -0.16546476,  5.63482724]
  - [  0.00000000,  0.00000000,  0.00000000,  1.00000000]
  camera_model: pinhole
  distortion_coeffs: [ -0.19961400,  0.16420700, -0.00003500,  0.00040600,  0.00000000]
  distortion_model: plumb_bob
  intrinsics: [2174.75669700,2173.42025700,960.91814700,599.51184600]
  resolution: [1900,1200]
