cam0:
  T_cam_body:
  - [ -0.25759285, -0.96499246,  0.04935055,  2.19155679]
  - [  0.12483983, -0.08388358, -0.98862458,  0.35167955]
  - [  0.95815497, -0.24850171,  0.14207731,  0.15229847]
  - [  0.00000000,  0.00000000,  0.00000000,  1.00000000]
  camera_model: pinhole
  distortion_coeffs: [ -0.20016700,  0.16097300,  0.00039200, -0.00092100,  0.00000000]
  distortion_model: plumb_bob
  intrinsics: [2174.55148200,2172.55663800,959.19672800,613.07115500]
  resolution: [1920,1200]
cam1:
  T_cam_body:
  - [  0.22478788, -0.97402473,  0.02731732,  0.10182019]
  - [  0.16011023,  0.00926786, -0.98705563,  0.17141274]
  - [  0.96116342,  0.22625192,  0.15803462, -0.43677191]
  - [  0.00000000,  0.00000000,  0.00000000,  1.00000000]
  camera_model: pinhole
  distortion_coeffs: [ -0.20596600,  0.18770000, -0.00040500, -0.00052700,  0.00000000]
  distortion_model: plumb_bob
  intrinsics: [2175.13780800,2172.98911900,952.79468600,602.94764200]
  resolution: [1900,1200]
cam2:
  T_cam_body:
  - [  0.15743890, -0.98746058, -0.01160172,  0.17283127]
  - [ -0.17685283, -0.01663489, -0.98409672,  2.32119658]
  - [  0.97156372,  0.15698690, -0.17725418,  0.03111343]
  - [  0.00000000,  0.00000000,  0.00000000,  1.00000000]
  camera_model: pinhole
  distortion_coeffs: [ -0.18906700,  0.12491500,  0.00004300,  0.00029600,  0.00000000]
  distortion_model: plumb_bob
  intrinsics: [2168.75828100,2166.97968700,990.68865100,583.91409000]
  resolution: [1900,1200]
cam3:
  T_cam_body:
  - [ -0.22639122, -0.97402954, -0.00367115,  2.21289651]
  - [ -0.17994392,  0.04552745, -0.98262273,  2.20943233]
  - [  0.95727070, -0.22179656, -0.18557771,  0.54182208]
  - [  0.00000000,  0.00000000,  0.00000000,  1.00000000]
  camera_model: pinhole
  distortion_coeffs: [ -0.20373500,  0.17155500,  0.00030800,  0.00170700,  0.00000000]
  distortion_model: plumb_bob
  intrinsics: [2173.86677800,2171.87626100,976.88097600,604.27685400]
  resolution: [1900,1200]
cam4:
  T_cam_body:
  - [  0.22007870,  0.97473280, -0.03822742, -1.35221817]
  - [ -0.13495786, -0.00838690, -0.99081584,  1.00953828]
  - [ -0.96610131,  0.22321655,  0.12970207,  5.39552766]
  - [  0.00000000,  0.00000000,  0.00000000,  1.00000000]
  camera_model: pinhole
  distortion_coeffs: [ -0.19907400,  0.17018000,  0.00010400, -0.00099100,  0.00000000]
  distortion_model: plumb_bob
  intrinsics: [2167.49490200,2165.56980200,940.89474900,612.57647900]
  resolution: [1900,1200]
cam5:
  T_cam_body:
  - [ -0.29485012,  0.95554347,  0.00028274, -0.35309278]
  - [ -0.16912919, -0.05189662, -0.98422663,  1.28841897]
  - [ -0.94045666, -0.29024716,  0.17691202,  5.88072955]
  - [  0.00000000,  0.00000000,  0.00000000,  1.00000000]
  camera_model: pinhole
  distortion_coeffs: [ -0.20440700,  0.17692000, -0.00025400, -0.00018900,  0.00000000]
  distortion_model: plumb_bob
  intrinsics: [2169.53280200,2167.61894400,958.79047800,602.89947900]
  resolution: [1900,1200]
cam6:
  T_cam_body:
  - [ -0.16975496,  0.98513679, -0.02624426, -1.00731828]
  - [  0.18539501,  0.00576862, -0.98264715,  1.16761849]
  - [ -0.96789046, -0.17167478, -0.18361869,  6.26424782]
  - [  0.00000000,  0.00000000,  0.00000000,  1.00000000]
  camera_model: pinhole
  distortion_coeffs: [ -0.19957400,  0.16977500, -0.00008300, -0.00020300,  0.00000000]
  distortion_model: plumb_bob
  intrinsics: [2174.42781900,2172.57924300,956.85045600,596.94859000]
  resolution: [1900,1200]
cam7:
  T_cam_body:
  - [  0.30273279,  0.95298080, -0.01343327, -1.85406747]
  - [  0.15358866, -0.06269115, -0.98614418,  1.43481981]
  - [ -0.94061862,  0.29647498, -0.16534571,  5.63260649]
  - [  0.00000000,  0.00000000,  0.00000000,  1.00000000]
  camera_model: pinhole
  distortion_coeffs: [ -0.19961400,  0.16420700, -0.00003500,  0.00040600,  0.00000000]
  distortion_model: plumb_bob
  intrinsics: [2174.75669700,2173.42025700,960.91814700,599.51184600]
  resolution: [1900,1200]
