cam0:
  T_cam_body:
  - [ -0.25838931, -0.96471868,  0.05052555,  2.19117718]
  - [  0.12366336, -0.08490264, -0.98868545,  0.35404818]
  - [  0.95809307, -0.24921759,  0.14123829,  0.15518405]
  - [  0.00000000,  0.00000000,  0.00000000,  1.00000000]
  camera_model: pinhole
  distortion_coeffs: [ -0.20016700,  0.16097300,  0.00039200, -0.00092100,  0.00000000]
  distortion_model: plumb_bob
  intrinsics: [2174.55148200,2172.55663800,959.19672800,613.07115500]
  resolution: [1920,1200]
cam1:
  T_cam_body:
  - [  0.22500190, -0.97395444,  0.02805178,  0.10070788]
  - [  0.16009275,  0.00855507, -0.98706490,  0.17242013]
  - [  0.96111626,  0.22658236,  0.15784795, -0.43688519]
  - [  0.00000000,  0.00000000,  0.00000000,  1.00000000]
  camera_model: pinhole
  distortion_coeffs: [ -0.20596600,  0.18770000, -0.00040500, -0.00052700,  0.00000000]
  distortion_model: plumb_bob
  intrinsics: [2175.13780800,2172.98911900,952.79468600,602.94764200]
  resolution: [1900,1200]
cam2:
  T_cam_body:
  - [  0.15811561, -0.98736072, -0.01087482,  0.17051464]
  - [ -0.17741916, -0.01757428, -0.98397845,  2.32117807]
  - [  0.97135055,  0.15751176, -0.17795547,  0.03216775]
  - [  0.00000000,  0.00000000,  0.00000000,  1.00000000]
  camera_model: pinhole
  distortion_coeffs: [ -0.18906700,  0.12491500,  0.00004300,  0.00029600,  0.00000000]
  distortion_model: plumb_bob
  intrinsics: [2168.75828100,2166.97968700,990.68865100,583.91409000]
  resolution: [1900,1200]
cam3:
  T_cam_body:
  - [ -0.22649191, -0.97400764, -0.00324466,  2.21222236]
  - [ -0.18044448,  0.04523295, -0.98254454,  2.21012445]
  - [  0.95715265, -0.22195291, -0.18599920,  0.54323763]
  - [  0.00000000,  0.00000000,  0.00000000,  1.00000000]
  camera_model: pinhole
  distortion_coeffs: [ -0.20373500,  0.17155500,  0.00030800,  0.00170700,  0.00000000]
  distortion_model: plumb_bob
  intrinsics: [2173.86677800,2171.87626100,976.88097600,604.27685400]
  resolution: [1900,1200]
cam4:
  T_cam_body:
  - [  0.22052857,  0.97464553, -0.03785818, -1.35989251]
  - [ -0.13502419, -0.00793477, -0.99081053,  1.00600125]
  - [ -0.96598945,  0.22361380,  0.12985088,  5.39506246]
  - [  0.00000000,  0.00000000,  0.00000000,  1.00000000]
  camera_model: pinhole
  distortion_coeffs: [ -0.19907400,  0.17018000,  0.00010400, -0.00099100,  0.00000000]
  distortion_model: plumb_bob
  intrinsics: [2167.49490200,2165.56980200,940.89474900,612.57647900]
  resolution: [1900,1200]
cam5:
  T_cam_body:
  - [ -0.29595588,  0.95520149,  0.00047851, -0.34217277]
  - [ -0.16848403, -0.05170932, -0.98434713,  1.28829802]
  - [ -0.94022511, -0.29140394,  0.17623988,  5.88228237]
  - [  0.00000000,  0.00000000,  0.00000000,  1.00000000]
  camera_model: pinhole
  distortion_coeffs: [ -0.20440700,  0.17692000, -0.00025400, -0.00018900,  0.00000000]
  distortion_model: plumb_bob
  intrinsics: [2169.53280200,2167.61894400,958.79047800,602.89947900]
  resolution: [1900,1200]
cam6:
  T_cam_body:
  - [ -0.16947762,  0.98518286, -0.02630734, -1.00750013]
  - [  0.18564529,  0.00569754, -0.98260031,  1.16566338]
  - [ -0.96789109, -0.17141259, -0.18386016,  6.26452150]
  - [  0.00000000,  0.00000000,  0.00000000,  1.00000000]
  camera_model: pinhole
  distortion_coeffs: [ -0.19957400,  0.16977500, -0.00008300, -0.00020300,  0.00000000]
  distortion_model: plumb_bob
  intrinsics: [2174.42781900,2172.57924300,956.85045600,596.94859000]
  resolution: [1900,1200]
cam7:
  T_cam_body:
  - [  0.30257098,  0.95303255, -0.01340775, -1.85447811]
  - [  0.15387253, -0.06272474, -0.98609779,  1.43314514]
  - [ -0.94062429,  0.29630149, -0.16562422,  5.63511528]
  - [  0.00000000,  0.00000000,  0.00000000,  1.00000000]
  camera_model: pinhole
  distortion_coeffs: [ -0.19961400,  0.16420700, -0.00003500,  0.00040600,  0.00000000]
  distortion_model: plumb_bob
  intrinsics: [2174.75669700,2173.42025700,960.91814700,599.51184600]
  resolution: [1900,1200]
