cam0:
  T_cam_body:
  - [ -0.25519689, -0.96558168,  0.05026488,  2.19158996]
  - [  0.12481488, -0.08444982, -0.98857952,  0.35166144]
  - [  0.95879914, -0.24600862,  0.14207030,  0.14962721]
  - [  0.00000000,  0.00000000,  0.00000000,  1.00000000]
  camera_model: pinhole
  distortion_coeffs: [ -0.20016700,  0.16097300,  0.00039200, -0.00092100,  0.00000000]
  distortion_model: plumb_bob
  intrinsics: [2174.55148200,2172.55663800,959.19672800,613.07115500]
  resolution: [1920,1200]
cam1:
  T_cam_body:
  - [  0.22312505, -0.97436344,  0.02882876,  0.10215530]
  - [  0.16065418,  0.00758702, -0.98698160,  0.17103899]
  - [  0.96146006,  0.22485178,  0.15822842, -0.43510986]
  - [  0.00000000,  0.00000000,  0.00000000,  1.00000000]
  camera_model: pinhole
  distortion_coeffs: [ -0.20596600,  0.18770000, -0.00040500, -0.00052700,  0.00000000]
  distortion_model: plumb_bob
  intrinsics: [2175.13780800,2172.98911900,952.79468600,602.94764200]
  resolution: [1900,1200]
cam2:
  T_cam_body:
  - [  0.15805953, -0.98737020, -0.01082922,  0.16942181]
  - [ -0.17719236, -0.01757272, -0.98401934,  2.32607490]
  - [  0.97140108,  0.15745249, -0.17773199,  0.03403181]
  - [  0.00000000,  0.00000000,  0.00000000,  1.00000000]
  camera_model: pinhole
  distortion_coeffs: [ -0.18906700,  0.12491500,  0.00004300,  0.00029600,  0.00000000]
  distortion_model: plumb_bob
  intrinsics: [2168.75828100,2166.97968700,990.68865100,583.91409000]
  resolution: [1900,1200]
cam3:
  T_cam_body:
  - [ -0.22567954, -0.97419722, -0.00291990,  2.20675666]
  - [ -0.17924512,  0.04446906, -0.98279891,  2.20702244]
  - [  0.95756980, -0.22127423, -0.18465586,  0.53910736]
  - [  0.00000000,  0.00000000,  0.00000000,  1.00000000]
  camera_model: pinhole
  distortion_coeffs: [ -0.20373500,  0.17155500,  0.00030800,  0.00170700,  0.00000000]
  distortion_model: plumb_bob
  intrinsics: [2173.86677800,2171.87626100,976.88097600,604.27685400]
  resolution: [1900,1200]
cam4:
  T_cam_body:
  - [  0.21905748,  0.97497018, -0.03803917, -1.34823316]
  - [ -0.13556682, -0.00819490, -0.99073431,  1.00857725]
  - [ -0.96624813,  0.22218461,  0.13037845,  5.39503921]
  - [  0.00000000,  0.00000000,  0.00000000,  1.00000000]
  camera_model: pinhole
  distortion_coeffs: [ -0.19907400,  0.17018000,  0.00010400, -0.00099100,  0.00000000]
  distortion_model: plumb_bob
  intrinsics: [2167.49490200,2165.56980200,940.89474900,612.57647900]
  resolution: [1900,1200]
cam5:
  T_cam_body:
  - [ -0.29477547,  0.95556652,  0.00020407, -0.35394271]
  - [ -0.16924720, -0.05199960, -0.98420091,  1.28849876]
  - [ -0.94045883, -0.29015282,  0.17705516,  5.88075513]
  - [  0.00000000,  0.00000000,  0.00000000,  1.00000000]
  camera_model: pinhole
  distortion_coeffs: [ -0.20440700,  0.17692000, -0.00025400, -0.00018900,  0.00000000]
  distortion_model: plumb_bob
  intrinsics: [2169.53280200,2167.61894400,958.79047800,602.89947900]
  resolution: [1900,1200]
cam6:
  T_cam_body:
  - [ -0.16990790,  0.98510785, -0.02634079, -1.00617527]
  - [  0.18521365,  0.00566907, -0.98268193,  1.16955710]
  - [ -0.96789835, -0.17184409, -0.18341864,  6.26374442]
  - [  0.00000000,  0.00000000,  0.00000000,  1.00000000]
  camera_model: pinhole
  distortion_coeffs: [ -0.19957400,  0.16977500, -0.00008300, -0.00020300,  0.00000000]
  distortion_model: plumb_bob
  intrinsics: [2174.42781900,2172.57924300,956.85045600,596.94859000]
  resolution: [1900,1200]
cam7:
  T_cam_body:
  - [  0.30281956,  0.95295228, -0.01350028, -1.85422272]
  - [  0.15322632, -0.06266204, -0.98620239,  1.43576485]
  - [ -0.94064978,  0.29657278, -0.16499267,  5.63271376]
  - [  0.00000000,  0.00000000,  0.00000000,  1.00000000]
  camera_model: pinhole
  distortion_coeffs: [ -0.19961400,  0.16420700, -0.00003500,  0.00040600,  0.00000000]
  distortion_model: plumb_bob
  intrinsics: [2174.75669700,2173.42025700,960.91814700,599.51184600]
  resolution: [1900,1200]
