cam0:
  T_cam_body:
  - [ -0.25753901, -0.96498708,  0.04973531,  2.19032113]
  - [  0.12429560, -0.08412848, -0.98867234,  0.35319281]
  - [  0.95824019, -0.24843981,  0.14161001,  0.15379250]
  - [  0.00000000,  0.00000000,  0.00000000,  1.00000000]
  camera_model: pinhole
  distortion_coeffs: [ -0.20016700,  0.16097300,  0.00039200, -0.00092100,  0.00000000]
  distortion_model: plumb_bob
  intrinsics: [2174.55148200,2172.55663800,959.19672800,613.07115500]
  resolution: [1920,1200]
cam1:
  T_cam_body:
  - [  0.22507156, -0.97395417,  0.02749684,  0.10092000]
  - [  0.15988403,  0.00907988, -0.98709404,  0.17270912]
  - [  0.96113469,  0.22656310,  0.15776334, -0.43634387]
  - [  0.00000000,  0.00000000,  0.00000000,  1.00000000]
  camera_model: pinhole
  distortion_coeffs: [ -0.20596600,  0.18770000, -0.00040500, -0.00052700,  0.00000000]
  distortion_model: plumb_bob
  intrinsics: [2175.13780800,2172.98911900,952.79468600,602.94764200]
  resolution: [1900,1200]
cam2:
  T_cam_body:
  - [  0.15770504, -0.98741975, -0.01146098,  0.17223324]
  - [ -0.17714533, -0.01687089, -0.98404009,  2.32104395]
  - [  0.97146727,  0.15721834, -0.17757742,  0.03153547]
  - [  0.00000000,  0.00000000,  0.00000000,  1.00000000]
  camera_model: pinhole
  distortion_coeffs: [ -0.18906700,  0.12491500,  0.00004300,  0.00029600,  0.00000000]
  distortion_model: plumb_bob
  intrinsics: [2168.75828100,2166.97968700,990.68865100,583.91409000]
  resolution: [1900,1200]
cam3:
  T_cam_body:
  - [ -0.22629011, -0.97405362, -0.00351146,  2.21225722]
  - [ -0.18035636,  0.04544211, -0.98255107,  2.21037781]
  - [  0.95721699, -0.22170828, -0.18595987,  0.54277739]
  - [  0.00000000,  0.00000000,  0.00000000,  1.00000000]
  camera_model: pinhole
  distortion_coeffs: [ -0.20373500,  0.17155500,  0.00030800,  0.00170700,  0.00000000]
  distortion_model: plumb_bob
  intrinsics: [2173.86677800,2171.87626100,976.88097600,604.27685400]
  resolution: [1900,1200]
cam4:
  T_cam_body:
  - [  0.22003840,  0.97474348, -0.03818709, -1.35269366]
  - [ -0.13443670, -0.00847178, -0.99088597,  1.00956874]
  - [ -0.96618315,  0.22316671,  0.12917718,  5.39634703]
  - [  0.00000000,  0.00000000,  0.00000000,  1.00000000]
  camera_model: pinhole
  distortion_coeffs: [ -0.19907400,  0.17018000,  0.00010400, -0.00099100,  0.00000000]
  distortion_model: plumb_bob
  intrinsics: [2167.49490200,2165.56980200,940.89474900,612.57647900]
  resolution: [1900,1200]
cam5:
  T_cam_body:
  - [ -0.29456918,  0.95563013,  0.00024517, -0.35093191]
  - [ -0.16850852, -0.05168954, -0.98434398,  1.28796545]
  - [ -0.94065609, -0.28999871,  0.17625797,  5.88123159]
  - [  0.00000000,  0.00000000,  0.00000000,  1.00000000]
  camera_model: pinhole
  distortion_coeffs: [ -0.20440700,  0.17692000, -0.00025400, -0.00018900,  0.00000000]
  distortion_model: plumb_bob
  intrinsics: [2169.53280200,2167.61894400,958.79047800,602.89947900]
  resolution: [1900,1200]
cam6:
  T_cam_body:
  - [ -0.16932849,  0.98520645, -0.02638383, -1.00708474]
  - [  0.18545377,  0.00555912, -0.98263727,  1.16737664]
  - [ -0.96795390, -0.17128147, -0.18365157,  6.26361492]
  - [  0.00000000,  0.00000000,  0.00000000,  1.00000000]
  camera_model: pinhole
  distortion_coeffs: [ -0.19957400,  0.16977500, -0.00008300, -0.00020300,  0.00000000]
  distortion_model: plumb_bob
  intrinsics: [2174.42781900,2172.57924300,956.85045600,596.94859000]
  resolution: [1900,1200]
cam7:
  T_cam_body:
  - [  0.30240217,  0.95308818, -0.01326075, -1.85469823]
  - [  0.15413600, -0.06262484, -0.98606299,  1.43387977]
  - [ -0.94063544,  0.29614363, -0.16584308,  5.63342853]
  - [  0.00000000,  0.00000000,  0.00000000,  1.00000000]
  camera_model: pinhole
  distortion_coeffs: [ -0.19961400,  0.16420700, -0.00003500,  0.00040600,  0.00000000]
  distortion_model: plumb_bob
  intrinsics: [2174.75669700,2173.42025700,960.91814700,599.51184600]
  resolution: [1900,1200]
