cam0:
  T_cam_body:
  - [ -0.25666846, -0.96521197,  0.04987133,  2.19924338]
  - [  0.12273209, -0.08373216, -0.98890129,  0.36215798]
  - [  0.95867520, -0.24769896,  0.13995388,  0.15881879]
  - [  0.00000000,  0.00000000,  0.00000000,  1.00000000]
  camera_model: pinhole
  distortion_coeffs: [ -0.20016700,  0.16097300,  0.00039200, -0.00092100,  0.00000000]
  distortion_model: plumb_bob
  intrinsics: [2174.55148200,2172.55663800,959.19672800,613.07115500]
  resolution: [1920,1200]
cam1:
  T_cam_body:
  - [  0.22338936, -0.97433115,  0.02785679,  0.10281818]
  - [  0.16020649,  0.00851094, -0.98704683,  0.17175454]
  - [  0.96147339,  0.22495860,  0.15799542, -0.43370888]
  - [  0.00000000,  0.00000000,  0.00000000,  1.00000000]
  camera_model: pinhole
  distortion_coeffs: [ -0.20596600,  0.18770000, -0.00040500, -0.00052700,  0.00000000]
  distortion_model: plumb_bob
  intrinsics: [2175.13780800,2172.98911900,952.79468600,602.94764200]
  resolution: [1900,1200]
cam2:
  T_cam_body:
  - [  0.15784856, -0.98739573, -0.01155434,  0.17149527]
  - [ -0.17745057, -0.01685344, -0.98398539,  2.32530412]
  - [  0.97138825,  0.15737100, -0.17787422,  0.03546528]
  - [  0.00000000,  0.00000000,  0.00000000,  1.00000000]
  camera_model: pinhole
  distortion_coeffs: [ -0.18906700,  0.12491500,  0.00004300,  0.00029600,  0.00000000]
  distortion_model: plumb_bob
  intrinsics: [2168.75828100,2166.97968700,990.68865100,583.91409000]
  resolution: [1900,1200]
cam3:
  T_cam_body:
  - [ -0.22574741, -0.97417917, -0.00361387,  2.20778391]
  - [ -0.18129302,  0.04565545, -0.98236878,  2.21660825]
  - [  0.95716819, -0.22111204, -0.18691848,  0.54391491]
  - [  0.00000000,  0.00000000,  0.00000000,  1.00000000]
  camera_model: pinhole
  distortion_coeffs: [ -0.20373500,  0.17155500,  0.00030800,  0.00170700,  0.00000000]
  distortion_model: plumb_bob
  intrinsics: [2173.86677800,2171.87626100,976.88097600,604.27685400]
  resolution: [1900,1200]
cam4:
  T_cam_body:
  - [  0.21905570,  0.97496990, -0.03805656, -1.34924537]
  - [ -0.13535073, -0.00826250, -0.99076330,  1.00821578]
  - [ -0.96627883,  0.22218333,  0.13015294,  5.39582095]
  - [  0.00000000,  0.00000000,  0.00000000,  1.00000000]
  camera_model: pinhole
  distortion_coeffs: [ -0.19907400,  0.17018000,  0.00010400, -0.00099100,  0.00000000]
  distortion_model: plumb_bob
  intrinsics: [2167.49490200,2165.56980200,940.89474900,612.57647900]
  resolution: [1900,1200]
cam5:
  T_cam_body:
  - [ -0.29497877,  0.95550378,  0.00022927, -0.35349848]
  - [ -0.16909238, -0.05196527, -0.98422933,  1.28801556]
  - [ -0.94042293, -0.29036552,  0.17689706,  5.88161912]
  - [  0.00000000,  0.00000000,  0.00000000,  1.00000000]
  camera_model: pinhole
  distortion_coeffs: [ -0.20440700,  0.17692000, -0.00025400, -0.00018900,  0.00000000]
  distortion_model: plumb_bob
  intrinsics: [2169.53280200,2167.61894400,958.79047800,602.89947900]
  resolution: [1900,1200]
cam6:
  T_cam_body:
  - [ -0.16995956,  0.98510125, -0.02625408, -1.00571730]
  - [  0.18565521,  0.00584375, -0.98259758,  1.16694829]
  - [ -0.96780468, -0.17187605, -0.18388238,  6.26439455]
  - [  0.00000000,  0.00000000,  0.00000000,  1.00000000]
  camera_model: pinhole
  distortion_coeffs: [ -0.19957400,  0.16977500, -0.00008300, -0.00020300,  0.00000000]
  distortion_model: plumb_bob
  intrinsics: [2174.42781900,2172.57924300,956.85045600,596.94859000]
  resolution: [1900,1200]
cam7:
  T_cam_body:
  - [  0.30271380,  0.95298979, -0.01322143, -1.85461552]
  - [  0.15359215, -0.06246959, -0.98615770,  1.43356155]
  - [ -0.94062416,  0.29649284, -0.16528216,  5.63379189]
  - [  0.00000000,  0.00000000,  0.00000000,  1.00000000]
  camera_model: pinhole
  distortion_coeffs: [ -0.19961400,  0.16420700, -0.00003500,  0.00040600,  0.00000000]
  distortion_model: plumb_bob
  intrinsics: [2174.75669700,2173.42025700,960.91814700,599.51184600]
  resolution: [1900,1200]
