cam0:
  T_cam_body:
  - [ -0.25761666, -0.96494962,  0.05005882,  2.19061429]
  - [  0.12362327, -0.08429734, -0.98874225,  0.35385585]
  - [  0.95830629, -0.24852804,  0.14100663,  0.15365737]
  - [  0.00000000,  0.00000000,  0.00000000,  1.00000000]
  camera_model: pinhole
  distortion_coeffs: [ -0.20016700,  0.16097300,  0.00039200, -0.00092100,  0.00000000]
  distortion_model: plumb_bob
  intrinsics: [2174.55148200,2172.55663800,959.19672800,613.07115500]
  resolution: [1920,1200]
cam1:
  T_cam_body:
  - [  0.22488329, -0.97399531,  0.02757971,  0.10093968]
  - [  0.15972739,  0.00892767, -0.98712079,  0.17336946]
  - [  0.96120480,  0.22639221,  0.15758141, -0.43635488]
  - [  0.00000000,  0.00000000,  0.00000000,  1.00000000]
  camera_model: pinhole
  distortion_coeffs: [ -0.20596600,  0.18770000, -0.00040500, -0.00052700,  0.00000000]
  distortion_model: plumb_bob
  intrinsics: [2175.13780800,2172.98911900,952.79468600,602.94764200]
  resolution: [1900,1200]
cam2:
  T_cam_body:
  - [  0.15817689, -0.98734927, -0.01102195,  0.17121899]
  - [ -0.17788840, -0.01751497, -0.98389478,  2.32193227]
  - [  0.97125475,  0.15759010, -0.17840844,  0.03339247]
  - [  0.00000000,  0.00000000,  0.00000000,  1.00000000]
  camera_model: pinhole
  distortion_coeffs: [ -0.18906700,  0.12491500,  0.00004300,  0.00029600,  0.00000000]
  distortion_model: plumb_bob
  intrinsics: [2168.75828100,2166.97968700,990.68865100,583.91409000]
  resolution: [1900,1200]
cam3:
  T_cam_body:
  - [ -0.22637335, -0.97403526, -0.00322818,  2.21123787]
  - [ -0.18052531,  0.04521182, -0.98253066,  2.21098002]
  - [  0.95716546, -0.22183599, -0.18607277,  0.54429198]
  - [  0.00000000,  0.00000000,  0.00000000,  1.00000000]
  camera_model: pinhole
  distortion_coeffs: [ -0.20373500,  0.17155500,  0.00030800,  0.00170700,  0.00000000]
  distortion_model: plumb_bob
  intrinsics: [2173.86677800,2171.87626100,976.88097600,604.27685400]
  resolution: [1900,1200]
cam4:
  T_cam_body:
  - [  0.22396328,  0.97384774, -0.03822333, -1.37488105]
  - [ -0.13844861, -0.00703074, -0.99034466,  1.03091973]
  - [ -0.96471365,  0.22709281,  0.13325324,  5.38791170]
  - [  0.00000000,  0.00000000,  0.00000000,  1.00000000]
  camera_model: pinhole
  distortion_coeffs: [ -0.19907400,  0.17018000,  0.00010400, -0.00099100,  0.00000000]
  distortion_model: plumb_bob
  intrinsics: [2167.49490200,2165.56980200,940.89474900,612.57647900]
  resolution: [1900,1200]
cam5:
  T_cam_body:
  - [ -0.29548917,  0.95534597,  0.00047560, -0.34505398]
  - [ -0.16804069, -0.05148502, -0.98443467,  1.28625369]
  - [ -0.94045121, -0.29096971,  0.17575026,  5.88297090]
  - [  0.00000000,  0.00000000,  0.00000000,  1.00000000]
  camera_model: pinhole
  distortion_coeffs: [ -0.20440700,  0.17692000, -0.00025400, -0.00018900,  0.00000000]
  distortion_model: plumb_bob
  intrinsics: [2169.53280200,2167.61894400,958.79047800,602.89947900]
  resolution: [1900,1200]
cam6:
  T_cam_body:
  - [ -0.16941761,  0.98519115, -0.02638317, -1.00754876]
  - [  0.18586364,  0.00564920, -0.98255931,  1.16532656]
  - [ -0.96785969, -0.17136652, -0.18406829,  6.26507475]
  - [  0.00000000,  0.00000000,  0.00000000,  1.00000000]
  camera_model: pinhole
  distortion_coeffs: [ -0.19957400,  0.16977500, -0.00008300, -0.00020300,  0.00000000]
  distortion_model: plumb_bob
  intrinsics: [2174.42781900,2172.57924300,956.85045600,596.94859000]
  resolution: [1900,1200]
cam7:
  T_cam_body:
  - [  0.30282791,  0.95295611, -0.01303486, -1.85463115]
  - [  0.15422462, -0.06249673, -0.98605726,  1.43387096]
  - [ -0.94048393,  0.29659536, -0.16589505,  5.63443182]
  - [  0.00000000,  0.00000000,  0.00000000,  1.00000000]
  camera_model: pinhole
  distortion_coeffs: [ -0.19961400,  0.16420700, -0.00003500,  0.00040600,  0.00000000]
  distortion_model: plumb_bob
  intrinsics: [2174.75669700,2173.42025700,960.91814700,599.51184600]
  resolution: [1900,1200]
