cam0:
  T_cam_body:
  - [ -0.25832889, -0.96476445,  0.04995746,  2.20055081]
  - [  0.12376413, -0.08433753, -0.98872121,  0.35666040]
  - [  0.95809635, -0.24923231,  0.14119005,  0.16060980]
  - [  0.00000000,  0.00000000,  0.00000000,  1.00000000]
  camera_model: pinhole
  distortion_coeffs: [ -0.20016700,  0.16097300,  0.00039200, -0.00092100,  0.00000000]
  distortion_model: plumb_bob
  intrinsics: [2174.55148200,2172.55663800,959.19672800,613.07115500]
  resolution: [1920,1200]
cam1:
  T_cam_body:
  - [  0.22425337, -0.97412631,  0.02807773,  0.10221183]
  - [  0.16018441,  0.00842574, -0.98705114,  0.17168992]
  - [  0.96127591,  0.22584716,  0.15792935, -0.43534260]
  - [  0.00000000,  0.00000000,  0.00000000,  1.00000000]
  camera_model: pinhole
  distortion_coeffs: [ -0.20596600,  0.18770000, -0.00040500, -0.00052700,  0.00000000]
  distortion_model: plumb_bob
  intrinsics: [2175.13780800,2172.98911900,952.79468600,602.94764200]
  resolution: [1900,1200]
cam2:
  T_cam_body:
  - [  0.15830807, -0.98733007, -0.01085797,  0.16858467]
  - [ -0.17794520, -0.01771162, -0.98388099,  2.32653118]
  - [  0.97122297,  0.15768842, -0.17849454,  0.03607110]
  - [  0.00000000,  0.00000000,  0.00000000,  1.00000000]
  camera_model: pinhole
  distortion_coeffs: [ -0.18906700,  0.12491500,  0.00004300,  0.00029600,  0.00000000]
  distortion_model: plumb_bob
  intrinsics: [2168.75828100,2166.97968700,990.68865100,583.91409000]
  resolution: [1900,1200]
cam3:
  T_cam_body:
  - [ -0.22651114, -0.97400371, -0.00307737,  2.21178386]
  - [ -0.18010011,  0.04498808, -0.98261896,  2.21047539]
  - [  0.95721296, -0.22201991, -0.18560847,  0.54311844]
  - [  0.00000000,  0.00000000,  0.00000000,  1.00000000]
  camera_model: pinhole
  distortion_coeffs: [ -0.20373500,  0.17155500,  0.00030800,  0.00170700,  0.00000000]
  distortion_model: plumb_bob
  intrinsics: [2173.86677800,2171.87626100,976.88097600,604.27685400]
  resolution: [1900,1200]
cam4:
  T_cam_body:
  - [  0.22236994,  0.97420897, -0.03832085, -1.36878989]
  - [ -0.13996159, -0.00699999, -0.99013219,  1.03332135]
  - [ -0.96486391,  0.22553908,  0.13479525,  5.38517979]
  - [  0.00000000,  0.00000000,  0.00000000,  1.00000000]
  camera_model: pinhole
  distortion_coeffs: [ -0.19907400,  0.17018000,  0.00010400, -0.00099100,  0.00000000]
  distortion_model: plumb_bob
  intrinsics: [2167.49490200,2165.56980200,940.89474900,612.57647900]
  resolution: [1900,1200]
cam5:
  T_cam_body:
  - [ -0.29514429,  0.95545260,  0.00042858, -0.35130077]
  - [ -0.16890423, -0.05173389, -0.98427383,  1.28665063]
  - [ -0.94040481, -0.29057519,  0.17664895,  5.88108712]
  - [  0.00000000,  0.00000000,  0.00000000,  1.00000000]
  camera_model: pinhole
  distortion_coeffs: [ -0.20440700,  0.17692000, -0.00025400, -0.00018900,  0.00000000]
  distortion_model: plumb_bob
  intrinsics: [2169.53280200,2167.61894400,958.79047800,602.89947900]
  resolution: [1900,1200]
cam6:
  T_cam_body:
  - [ -0.16986011,  0.98512441, -0.02602760, -1.00656318]
  - [  0.18598457,  0.00610925, -0.98253367,  1.16430772]
  - [ -0.96775890, -0.17173401, -0.18425565,  6.26469637]
  - [  0.00000000,  0.00000000,  0.00000000,  1.00000000]
  camera_model: pinhole
  distortion_coeffs: [ -0.19957400,  0.16977500, -0.00008300, -0.00020300,  0.00000000]
  distortion_model: plumb_bob
  intrinsics: [2174.42781900,2172.57924300,956.85045600,596.94859000]
  resolution: [1900,1200]
cam7:
  T_cam_body:
  - [  0.30262480,  0.95301544, -0.01340907, -1.85342111]
  - [  0.15317916, -0.06251744, -0.98621890,  1.43565923]
  - [ -0.94072014,  0.29640031, -0.16490143,  5.63267146]
  - [  0.00000000,  0.00000000,  0.00000000,  1.00000000]
  camera_model: pinhole
  distortion_coeffs: [ -0.19961400,  0.16420700, -0.00003500,  0.00040600,  0.00000000]
  distortion_model: plumb_bob
  intrinsics: [2174.75669700,2173.42025700,960.91814700,599.51184600]
  resolution: [1900,1200]
