cam0:
  T_cam_body:
  - [ -0.25766138, -0.96494159,  0.04998338,  2.19091266]
  - [  0.12395241, -0.08431216, -0.98869978,  0.35328458]
  - [  0.95825175, -0.24855419,  0.14133082,  0.15317307]
  - [  0.00000000,  0.00000000,  0.00000000,  1.00000000]
  camera_model: pinhole
  distortion_coeffs: [ -0.20016700,  0.16097300,  0.00039200, -0.00092100,  0.00000000]
  distortion_model: plumb_bob
  intrinsics: [2174.55148200,2172.55663800,959.19672800,613.07115500]
  resolution: [1920,1200]
cam1:
  T_cam_body:
  - [  0.22518178, -0.97392450,  0.02764485,  0.10125374]
  - [  0.15982102,  0.00893334, -0.98710559,  0.17314663]
  - [  0.96111935,  0.22669642,  0.15766523, -0.43677541]
  - [  0.00000000,  0.00000000,  0.00000000,  1.00000000]
  camera_model: pinhole
  distortion_coeffs: [ -0.20596600,  0.18770000, -0.00040500, -0.00052700,  0.00000000]
  distortion_model: plumb_bob
  intrinsics: [2175.13780800,2172.98911900,952.79468600,602.94764200]
  resolution: [1900,1200]
cam2:
  T_cam_body:
  - [  0.15815847, -0.98735160, -0.01107748,  0.17110084]
  - [ -0.17755060, -0.01740146, -0.98395781,  2.32165761]
  - [  0.97131956,  0.15758808, -0.17805706,  0.03194328]
  - [  0.00000000,  0.00000000,  0.00000000,  1.00000000]
  camera_model: pinhole
  distortion_coeffs: [ -0.18906700,  0.12491500,  0.00004300,  0.00029600,  0.00000000]
  distortion_model: plumb_bob
  intrinsics: [2168.75828100,2166.97968700,990.68865100,583.91409000]
  resolution: [1900,1200]
cam3:
  T_cam_body:
  - [ -0.22649093, -0.97400948, -0.00271927,  2.21066631]
  - [ -0.18054352,  0.04472573, -0.98254956,  2.21188358]
  - [  0.95713421, -0.22204761, -0.18598107,  0.54306764]
  - [  0.00000000,  0.00000000,  0.00000000,  1.00000000]
  camera_model: pinhole
  distortion_coeffs: [ -0.20373500,  0.17155500,  0.00030800,  0.00170700,  0.00000000]
  distortion_model: plumb_bob
  intrinsics: [2173.86677800,2171.87626100,976.88097600,604.27685400]
  resolution: [1900,1200]
cam4:
  T_cam_body:
  - [  0.22375381,  0.97389398, -0.03827210, -1.37435121]
  - [ -0.13905241, -0.00696774, -0.99026051,  1.03268098]
  - [ -0.96467542,  0.22689639,  0.13386325,  5.38668418]
  - [  0.00000000,  0.00000000,  0.00000000,  1.00000000]
  camera_model: pinhole
  distortion_coeffs: [ -0.19907400,  0.17018000,  0.00010400, -0.00099100,  0.00000000]
  distortion_model: plumb_bob
  intrinsics: [2167.49490200,2165.56980200,940.89474900,612.57647900]
  resolution: [1900,1200]
cam5:
  T_cam_body:
  - [ -0.29540471,  0.95537213,  0.00039599, -0.34647062]
  - [ -0.16792570, -0.05151523, -0.98445271,  1.28647964]
  - [ -0.94049828, -0.29087847,  0.17564937,  5.88207745]
  - [  0.00000000,  0.00000000,  0.00000000,  1.00000000]
  camera_model: pinhole
  distortion_coeffs: [ -0.20440700,  0.17692000, -0.00025400, -0.00018900,  0.00000000]
  distortion_model: plumb_bob
  intrinsics: [2169.53280200,2167.61894400,958.79047800,602.89947900]
  resolution: [1900,1200]
cam6:
  T_cam_body:
  - [ -0.16948174,  0.98518013, -0.02638283, -1.00756832]
  - [  0.18580178,  0.00565075, -0.98257100,  1.16544743]
  - [ -0.96786034, -0.17142982, -0.18400592,  6.26416757]
  - [  0.00000000,  0.00000000,  0.00000000,  1.00000000]
  camera_model: pinhole
  distortion_coeffs: [ -0.19957400,  0.16977500, -0.00008300, -0.00020300,  0.00000000]
  distortion_model: plumb_bob
  intrinsics: [2174.42781900,2172.57924300,956.85045600,596.94859000]
  resolution: [1900,1200]
cam7:
  T_cam_body:
  - [  0.30270345,  0.95299616, -0.01299794, -1.85424315]
  - [  0.15397087, -0.06235582, -0.98610584,  1.43382679]
  - [ -0.94056557,  0.29649633, -0.16560897,  5.63431006]
  - [  0.00000000,  0.00000000,  0.00000000,  1.00000000]
  camera_model: pinhole
  distortion_coeffs: [ -0.19961400,  0.16420700, -0.00003500,  0.00040600,  0.00000000]
  distortion_model: plumb_bob
  intrinsics: [2174.75669700,2173.42025700,960.91814700,599.51184600]
  resolution: [1900,1200]
