cam0:
  T_cam_body:
  - [ -0.25545813, -0.96548867,  0.05072239,  2.19158915]
  - [  0.12386874, -0.08471490, -0.98867584,  0.35447884]
  - [  0.95885227, -0.24628237,  0.14123498,  0.14913638]
  - [  0.00000000,  0.00000000,  0.00000000,  1.00000000]
  camera_model: pinhole
  distortion_coeffs: [ -0.20016700,  0.16097300,  0.00039200, -0.00092100,  0.00000000]
  distortion_model: plumb_bob
  intrinsics: [2174.55148200,2172.55663800,959.19672800,613.07115500]
  resolution: [1920,1200]
cam1:
  T_cam_body:
  - [  0.22341738, -0.97430078,  0.02868211,  0.10244058]
  - [  0.15988637,  0.00760454, -0.98710613,  0.17366525]
  - [  0.96152016,  0.22512255,  0.15747640, -0.43509624]
  - [  0.00000000,  0.00000000,  0.00000000,  1.00000000]
  camera_model: pinhole
  distortion_coeffs: [ -0.20596600,  0.18770000, -0.00040500, -0.00052700,  0.00000000]
  distortion_model: plumb_bob
  intrinsics: [2175.13780800,2172.98911900,952.79468600,602.94764200]
  resolution: [1900,1200]
cam2:
  T_cam_body:
  - [  0.15857591, -0.98729008, -0.01058234,  0.16828520]
  - [ -0.17882355, -0.01817816, -0.98371322,  2.33027088]
  - [  0.97101793,  0.15788559, -0.17943334,  0.03859616]
  - [  0.00000000,  0.00000000,  0.00000000,  1.00000000]
  camera_model: pinhole
  distortion_coeffs: [ -0.18906700,  0.12491500,  0.00004300,  0.00029600,  0.00000000]
  distortion_model: plumb_bob
  intrinsics: [2168.75828100,2166.97968700,990.68865100,583.91409000]
  resolution: [1900,1200]
cam3:
  T_cam_body:
  - [ -0.22645676, -0.97401665, -0.00298493,  2.21113793]
  - [ -0.18056573,  0.04499217, -0.98253332,  2.21110644]
  - [  0.95713811, -0.22196234, -0.18606281,  0.54420612]
  - [  0.00000000,  0.00000000,  0.00000000,  1.00000000]
  camera_model: pinhole
  distortion_coeffs: [ -0.20373500,  0.17155500,  0.00030800,  0.00170700,  0.00000000]
  distortion_model: plumb_bob
  intrinsics: [2173.86677800,2171.87626100,976.88097600,604.27685400]
  resolution: [1900,1200]
cam4:
  T_cam_body:
  - [  0.22297653,  0.97406735, -0.03839609, -1.36949585]
  - [ -0.13908883, -0.00719492, -0.99025377,  1.03250979]
  - [ -0.96485013,  0.22614381,  0.13387759,  5.38653184]
  - [  0.00000000,  0.00000000,  0.00000000,  1.00000000]
  camera_model: pinhole
  distortion_coeffs: [ -0.19907400,  0.17018000,  0.00010400, -0.00099100,  0.00000000]
  distortion_model: plumb_bob
  intrinsics: [2167.49490200,2165.56980200,940.89474900,612.57647900]
  resolution: [1900,1200]
cam5:
  T_cam_body:
  - [ -0.29541763,  0.95536815,  0.00034022, -0.34856097]
  - [ -0.16787548, -0.05155965, -0.98445895,  1.28680590]
  - [ -0.94050319, -0.29088364,  0.17561452,  5.88240736]
  - [  0.00000000,  0.00000000,  0.00000000,  1.00000000]
  camera_model: pinhole
  distortion_coeffs: [ -0.20440700,  0.17692000, -0.00025400, -0.00018900,  0.00000000]
  distortion_model: plumb_bob
  intrinsics: [2169.53280200,2167.61894400,958.79047800,602.89947900]
  resolution: [1900,1200]
cam6:
  T_cam_body:
  - [ -0.16972246,  0.98513837, -0.02639463, -1.00611822]
  - [  0.18585280,  0.00569368, -0.98256110,  1.16660386]
  - [ -0.96780836, -0.17166820, -0.18405707,  6.26380984]
  - [  0.00000000,  0.00000000,  0.00000000,  1.00000000]
  camera_model: pinhole
  distortion_coeffs: [ -0.19957400,  0.16977500, -0.00008300, -0.00020300,  0.00000000]
  distortion_model: plumb_bob
  intrinsics: [2174.42781900,2172.57924300,956.85045600,596.94859000]
  resolution: [1900,1200]
cam7:
  T_cam_body:
  - [  0.30272019,  0.95298609, -0.01334169, -1.85339955]
  - [  0.15369317, -0.06262703, -0.98613197,  1.43531258]
  - [ -0.94060560,  0.29647153, -0.16542592,  5.63269744]
  - [  0.00000000,  0.00000000,  0.00000000,  1.00000000]
  camera_model: pinhole
  distortion_coeffs: [ -0.19961400,  0.16420700, -0.00003500,  0.00040600,  0.00000000]
  distortion_model: plumb_bob
  intrinsics: [2174.75669700,2173.42025700,960.91814700,599.51184600]
  resolution: [1900,1200]
