cam0:
  T_cam_body:
  - [ -0.25536032, -0.96552295,  0.05056214,  2.19068767]
  - [  0.12356467, -0.08445798, -0.98873587,  0.35498290]
  - [  0.95891755, -0.24623622,  0.14087175,  0.15294628]
  - [  0.00000000,  0.00000000,  0.00000000,  1.00000000]
  camera_model: pinhole
  distortion_coeffs: [ -0.20016700,  0.16097300,  0.00039200, -0.00092100,  0.00000000]
  distortion_model: plumb_bob
  intrinsics: [2174.55148200,2172.55663800,959.19672800,613.07115500]
  resolution: [1920,1200]
cam1:
  T_cam_body:
  - [  0.22348119, -0.97428881,  0.02859156,  0.10317362]
  - [  0.15956097,  0.00763067, -0.98715858,  0.17440144]
  - [  0.96155939,  0.22517347,  0.15716378, -0.43340545]
  - [  0.00000000,  0.00000000,  0.00000000,  1.00000000]
  camera_model: pinhole
  distortion_coeffs: [ -0.20596600,  0.18770000, -0.00040500, -0.00052700,  0.00000000]
  distortion_model: plumb_bob
  intrinsics: [2175.13780800,2172.98911900,952.79468600,602.94764200]
  resolution: [1900,1200]
cam2:
  T_cam_body:
  - [  0.15846569, -0.98730560, -0.01078338,  0.16889711]
  - [ -0.17905146, -0.01799460, -0.98367513,  2.33112530]
  - [  0.97099392,  0.15780954, -0.17963003,  0.03952011]
  - [  0.00000000,  0.00000000,  0.00000000,  1.00000000]
  camera_model: pinhole
  distortion_coeffs: [ -0.18906700,  0.12491500,  0.00004300,  0.00029600,  0.00000000]
  distortion_model: plumb_bob
  intrinsics: [2168.75828100,2166.97968700,990.68865100,583.91409000]
  resolution: [1900,1200]
cam3:
  T_cam_body:
  - [ -0.22540489, -0.97426190, -0.00252837,  2.20386035]
  - [ -0.18050858,  0.04431234, -0.98257471,  2.21139026]
  - [  0.95739714, -0.22102075, -0.18585085,  0.54183444]
  - [  0.00000000,  0.00000000,  0.00000000,  1.00000000]
  camera_model: pinhole
  distortion_coeffs: [ -0.20373500,  0.17155500,  0.00030800,  0.00170700,  0.00000000]
  distortion_model: plumb_bob
  intrinsics: [2173.86677800,2171.87626100,976.88097600,604.27685400]
  resolution: [1900,1200]
cam4:
  T_cam_body:
  - [  0.22253271,  0.97417234, -0.03830728, -1.36867163]
  - [ -0.13851817, -0.00730070, -0.99033298,  1.03264601]
  - [ -0.96503467,  0.22568773,  0.13331593,  5.38771672]
  - [  0.00000000,  0.00000000,  0.00000000,  1.00000000]
  camera_model: pinhole
  distortion_coeffs: [ -0.19907400,  0.17018000,  0.00010400, -0.00099100,  0.00000000]
  distortion_model: plumb_bob
  intrinsics: [2167.49490200,2165.56980200,940.89474900,612.57647900]
  resolution: [1900,1200]
cam5:
  T_cam_body:
  - [ -0.29489756,  0.95552882,  0.00031404, -0.35024909]
  - [ -0.16795616, -0.05151148, -0.98444771,  1.28630710]
  - [ -0.94065198, -0.29036397,  0.17567757,  5.88112193]
  - [  0.00000000,  0.00000000,  0.00000000,  1.00000000]
  camera_model: pinhole
  distortion_coeffs: [ -0.20440700,  0.17692000, -0.00025400, -0.00018900,  0.00000000]
  distortion_model: plumb_bob
  intrinsics: [2169.53280200,2167.61894400,958.79047800,602.89947900]
  resolution: [1900,1200]
cam6:
  T_cam_body:
  - [ -0.16986440,  0.98511506, -0.02635169, -1.00547245]
  - [  0.18626821,  0.00583717, -0.98248159,  1.16376188]
  - [ -0.96770359, -0.17179713, -0.18448715,  6.26460411]
  - [  0.00000000,  0.00000000,  0.00000000,  1.00000000]
  camera_model: pinhole
  distortion_coeffs: [ -0.19957400,  0.16977500, -0.00008300, -0.00020300,  0.00000000]
  distortion_model: plumb_bob
  intrinsics: [2174.42781900,2172.57924300,956.85045600,596.94859000]
  resolution: [1900,1200]
cam7:
  T_cam_body:
  - [  0.30217464,  0.95316167, -0.01316470, -1.85407178]
  - [  0.15389415, -0.06240789, -0.98611452,  1.43555369]
  - [ -0.94074815,  0.29595283, -0.16554408,  5.63301056]
  - [  0.00000000,  0.00000000,  0.00000000,  1.00000000]
  camera_model: pinhole
  distortion_coeffs: [ -0.19961400,  0.16420700, -0.00003500,  0.00040600,  0.00000000]
  distortion_model: plumb_bob
  intrinsics: [2174.75669700,2173.42025700,960.91814700,599.51184600]
  resolution: [1900,1200]
