cam0:
  T_cam_body:
  - [ -0.25675284, -0.96514729,  0.05068219,  2.19055737]
  - [  0.12345305, -0.08476178, -0.98872382,  0.35567410]
  - [  0.95856003, -0.24760078,  0.14091321,  0.15287658]
  - [  0.00000000,  0.00000000,  0.00000000,  1.00000000]
  camera_model: pinhole
  distortion_coeffs: [ -0.20016700,  0.16097300,  0.00039200, -0.00092100,  0.00000000]
  distortion_model: plumb_bob
  intrinsics: [2174.55148200,2172.55663800,959.19672800,613.07115500]
  resolution: [1920,1200]
cam1:
  T_cam_body:
  - [  0.22454155, -0.97405788,  0.02814862,  0.10173416]
  - [  0.15969829,  0.00828752, -0.98713108,  0.17352640]
  - [  0.96128952,  0.22614723,  0.15741627, -0.43503378]
  - [  0.00000000,  0.00000000,  0.00000000,  1.00000000]
  camera_model: pinhole
  distortion_coeffs: [ -0.20596600,  0.18770000, -0.00040500, -0.00052700,  0.00000000]
  distortion_model: plumb_bob
  intrinsics: [2175.13780800,2172.98911900,952.79468600,602.94764200]
  resolution: [1900,1200]
cam2:
  T_cam_body:
  - [  0.15873977, -0.98726428, -0.01053205,  0.16750265]
  - [ -0.17902177, -0.01829071, -0.98367508,  2.32968858]
  - [  0.97095463,  0.15803382, -0.17964526,  0.03797666]
  - [  0.00000000,  0.00000000,  0.00000000,  1.00000000]
  camera_model: pinhole
  distortion_coeffs: [ -0.18906700,  0.12491500,  0.00004300,  0.00029600,  0.00000000]
  distortion_model: plumb_bob
  intrinsics: [2168.75828100,2166.97968700,990.68865100,583.91409000]
  resolution: [1900,1200]
cam3:
  T_cam_body:
  - [ -0.22544815, -0.97425060, -0.00298396,  2.20482591]
  - [ -0.18056963,  0.04479438, -0.98254164,  2.20838584]
  - [  0.95737544, -0.22097338, -0.18601888,  0.53977814]
  - [  0.00000000,  0.00000000,  0.00000000,  1.00000000]
  camera_model: pinhole
  distortion_coeffs: [ -0.20373500,  0.17155500,  0.00030800,  0.00170700,  0.00000000]
  distortion_model: plumb_bob
  intrinsics: [2173.86677800,2171.87626100,976.88097600,604.27685400]
  resolution: [1900,1200]
cam4:
  T_cam_body:
  - [  0.22322983,  0.97401078, -0.03835935, -1.37178742]
  - [ -0.13907297, -0.00712555, -0.99025650,  1.03115620]
  - [ -0.96479384,  0.22638954,  0.13386793,  5.38669123]
  - [  0.00000000,  0.00000000,  0.00000000,  1.00000000]
  camera_model: pinhole
  distortion_coeffs: [ -0.19907400,  0.17018000,  0.00010400, -0.00099100,  0.00000000]
  distortion_model: plumb_bob
  intrinsics: [2167.49490200,2165.56980200,940.89474900,612.57647900]
  resolution: [1900,1200]
cam5:
  T_cam_body:
  - [ -0.29557670,  0.95531895,  0.00035749, -0.34560999]
  - [ -0.16783572, -0.05156015, -0.98446570,  1.28608910]
  - [ -0.94046031, -0.29104512,  0.17557662,  5.88250857]
  - [  0.00000000,  0.00000000,  0.00000000,  1.00000000]
  camera_model: pinhole
  distortion_coeffs: [ -0.20440700,  0.17692000, -0.00025400, -0.00018900,  0.00000000]
  distortion_model: plumb_bob
  intrinsics: [2169.53280200,2167.61894400,958.79047800,602.89947900]
  resolution: [1900,1200]
cam6:
  T_cam_body:
  - [ -0.16963766,  0.98515090, -0.02647196, -1.00607739]
  - [  0.18597422,  0.00562199, -0.98253854,  1.16572946]
  - [ -0.96779990, -0.17159864, -0.18416637,  6.26449523]
  - [  0.00000000,  0.00000000,  0.00000000,  1.00000000]
  camera_model: pinhole
  distortion_coeffs: [ -0.19957400,  0.16977500, -0.00008300, -0.00020300,  0.00000000]
  distortion_model: plumb_bob
  intrinsics: [2174.42781900,2172.57924300,956.85045600,596.94859000]
  resolution: [1900,1200]
cam7:
  T_cam_body:
  - [  0.30285441,  0.95294380, -0.01331632, -1.85322460]
  - [  0.15410242, -0.06275427, -0.98606001,  1.43468135]
  - [ -0.94049543,  0.29658055, -0.16585635,  5.63391465]
  - [  0.00000000,  0.00000000,  0.00000000,  1.00000000]
  camera_model: pinhole
  distortion_coeffs: [ -0.19961400,  0.16420700, -0.00003500,  0.00040600,  0.00000000]
  distortion_model: plumb_bob
  intrinsics: [2174.75669700,2173.42025700,960.91814700,599.51184600]
  resolution: [1900,1200]
