cam0:
  T_cam_body:
  - [ -0.25783128, -0.96487997,  0.05029580,  2.19079531]
  - [  0.12340255, -0.08451525, -0.98875122,  0.35433832]
  - [  0.95827702, -0.24872436,  0.14085933,  0.15434823]
  - [  0.00000000,  0.00000000,  0.00000000,  1.00000000]
  camera_model: pinhole
  distortion_coeffs: [ -0.20016700,  0.16097300,  0.00039200, -0.00092100,  0.00000000]
  distortion_model: plumb_bob
  intrinsics: [2174.55148200,2172.55663800,959.19672800,613.07115500]
  resolution: [1920,1200]
cam1:
  T_cam_body:
  - [  0.22494671, -0.97397707,  0.02770638,  0.10106419]
  - [  0.15979064,  0.00882474, -0.98711148,  0.17291037]
  - [  0.96117945,  0.22647471,  0.15761751, -0.43610330]
  - [  0.00000000,  0.00000000,  0.00000000,  1.00000000]
  camera_model: pinhole
  distortion_coeffs: [ -0.20596600,  0.18770000, -0.00040500, -0.00052700,  0.00000000]
  distortion_model: plumb_bob
  intrinsics: [2175.13780800,2172.98911900,952.79468600,602.94764200]
  resolution: [1900,1200]
cam2:
  T_cam_body:
  - [  0.15824644, -0.98734105, -0.01075691,  0.17067866]
  - [ -0.17798009, -0.01780669, -0.98387296,  2.32189096]
  - [  0.97122662,  0.15760891, -0.17854489,  0.03391511]
  - [  0.00000000,  0.00000000,  0.00000000,  1.00000000]
  camera_model: pinhole
  distortion_coeffs: [ -0.18906700,  0.12491500,  0.00004300,  0.00029600,  0.00000000]
  distortion_model: plumb_bob
  intrinsics: [2168.75828100,2166.97968700,990.68865100,583.91409000]
  resolution: [1900,1200]
cam3:
  T_cam_body:
  - [ -0.22653972, -0.97399553, -0.00353040,  2.21259085]
  - [ -0.18053124,  0.04555069, -0.98251392,  2.21035022]
  - [  0.95712498, -0.22194108, -0.18615566,  0.54355791]
  - [  0.00000000,  0.00000000,  0.00000000,  1.00000000]
  camera_model: pinhole
  distortion_coeffs: [ -0.20373500,  0.17155500,  0.00030800,  0.00170700,  0.00000000]
  distortion_model: plumb_bob
  intrinsics: [2173.86677800,2171.87626100,976.88097600,604.27685400]
  resolution: [1900,1200]
cam4:
  T_cam_body:
  - [  0.22430664,  0.97376594, -0.03829383, -1.37691612]
  - [ -0.13851383, -0.00703882, -0.99033549,  1.03095510]
  - [ -0.96462451,  0.22744305,  0.13330120,  5.38775086]
  - [  0.00000000,  0.00000000,  0.00000000,  1.00000000]
  camera_model: pinhole
  distortion_coeffs: [ -0.19907400,  0.17018000,  0.00010400, -0.00099100,  0.00000000]
  distortion_model: plumb_bob
  intrinsics: [2167.49490200,2165.56980200,940.89474900,612.57647900]
  resolution: [1900,1200]
cam5:
  T_cam_body:
  - [ -0.29582971,  0.95524056,  0.00050313, -0.34320343]
  - [ -0.16809197, -0.05153813, -0.98442314,  1.28637146]
  - [ -0.94033498, -0.29130618,  0.17581478,  5.88345773]
  - [  0.00000000,  0.00000000,  0.00000000,  1.00000000]
  camera_model: pinhole
  distortion_coeffs: [ -0.20440700,  0.17692000, -0.00025400, -0.00018900,  0.00000000]
  distortion_model: plumb_bob
  intrinsics: [2169.53280200,2167.61894400,958.79047800,602.89947900]
  resolution: [1900,1200]
cam6:
  T_cam_body:
  - [ -0.16964639,  0.98515308, -0.02633470, -1.00742902]
  - [  0.18601602,  0.00576795, -0.98252978,  1.16496369]
  - [ -0.96779034, -0.17158130, -0.18423277,  6.26609037]
  - [  0.00000000,  0.00000000,  0.00000000,  1.00000000]
  camera_model: pinhole
  distortion_coeffs: [ -0.19957400,  0.16977500, -0.00008300, -0.00020300,  0.00000000]
  distortion_model: plumb_bob
  intrinsics: [2174.42781900,2172.57924300,956.85045600,596.94859000]
  resolution: [1900,1200]
cam7:
  T_cam_body:
  - [  0.30275698,  0.95297868, -0.01303230, -1.85456992]
  - [  0.15419761, -0.06247261, -0.98606302,  1.43368176]
  - [ -0.94051120,  0.29652791, -0.16586105,  5.63484798]
  - [  0.00000000,  0.00000000,  0.00000000,  1.00000000]
  camera_model: pinhole
  distortion_coeffs: [ -0.19961400,  0.16420700, -0.00003500,  0.00040600,  0.00000000]
  distortion_model: plumb_bob
  intrinsics: [2174.75669700,2173.42025700,960.91814700,599.51184600]
  resolution: [1900,1200]
