cam0:
  T_cam_body:
  - [ -0.25745230, -0.96500186,  0.04989714,  2.19055474]
  - [  0.12434313, -0.08429346, -0.98865231,  0.35180377]
  - [  0.95825732, -0.24832644,  0.14169289,  0.15252575]
  - [  0.00000000,  0.00000000,  0.00000000,  1.00000000]
  camera_model: pinhole
  distortion_coeffs: [ -0.20016700,  0.16097300,  0.00039200, -0.00092100,  0.00000000]
  distortion_model: plumb_bob
  intrinsics: [2174.55148200,2172.55663800,959.19672800,613.07115500]
  resolution: [1920,1200]
cam1:
  T_cam_body:
  - [  0.22488207, -0.97399238,  0.02769309,  0.10149711]
  - [  0.15979380,  0.00882821, -0.98711094,  0.17273075]
  - [  0.96119405,  0.22640873,  0.15762325, -0.43676644]
  - [  0.00000000,  0.00000000,  0.00000000,  1.00000000]
  camera_model: pinhole
  distortion_coeffs: [ -0.20596600,  0.18770000, -0.00040500, -0.00052700,  0.00000000]
  distortion_model: plumb_bob
  intrinsics: [2175.13780800,2172.98911900,952.79468600,602.94764200]
  resolution: [1900,1200]
cam2:
  T_cam_body:
  - [  0.15830784, -0.98732758, -0.01108481,  0.16898163]
  - [ -0.17789353, -0.01747714, -0.98389453,  2.32628418]
  - [  0.97123247,  0.15773013, -0.17840596,  0.03419572]
  - [  0.00000000,  0.00000000,  0.00000000,  1.00000000]
  camera_model: pinhole
  distortion_coeffs: [ -0.18906700,  0.12491500,  0.00004300,  0.00029600,  0.00000000]
  distortion_model: plumb_bob
  intrinsics: [2168.75828100,2166.97968700,990.68865100,583.91409000]
  resolution: [1900,1200]
cam3:
  T_cam_body:
  - [ -0.22638221, -0.97403231, -0.00348652,  2.21189223]
  - [ -0.17989002,  0.04532693, -0.98264187,  2.20958605]
  - [  0.95728297, -0.22182545, -0.18547990,  0.54178333]
  - [  0.00000000,  0.00000000,  0.00000000,  1.00000000]
  camera_model: pinhole
  distortion_coeffs: [ -0.20373500,  0.17155500,  0.00030800,  0.00170700,  0.00000000]
  distortion_model: plumb_bob
  intrinsics: [2173.86677800,2171.87626100,976.88097600,604.27685400]
  resolution: [1900,1200]
cam4:
  T_cam_body:
  - [  0.22321983,  0.97400878, -0.03846821, -1.37297228]
  - [ -0.14014307, -0.00698650, -0.99010661,  1.03403455]
  - [ -0.96464129,  0.22640249,  0.13494105,  5.38297721]
  - [  0.00000000,  0.00000000,  0.00000000,  1.00000000]
  camera_model: pinhole
  distortion_coeffs: [ -0.19907400,  0.17018000,  0.00010400, -0.00099100,  0.00000000]
  distortion_model: plumb_bob
  intrinsics: [2167.49490200,2165.56980200,940.89474900,612.57647900]
  resolution: [1900,1200]
cam5:
  T_cam_body:
  - [ -0.29491154,  0.95552444,  0.00047511, -0.34966612]
  - [ -0.16818850, -0.05141996, -0.98441283,  1.28696244]
  - [ -0.94060609, -0.29039461,  0.17587257,  5.88064381]
  - [  0.00000000,  0.00000000,  0.00000000,  1.00000000]
  camera_model: pinhole
  distortion_coeffs: [ -0.20440700,  0.17692000, -0.00025400, -0.00018900,  0.00000000]
  distortion_model: plumb_bob
  intrinsics: [2169.53280200,2167.61894400,958.79047800,602.89947900]
  resolution: [1900,1200]
cam6:
  T_cam_body:
  - [ -0.16947866,  0.98518652, -0.02616321, -1.00799556]
  - [  0.18578501,  0.00586623, -0.98257291,  1.16637531]
  - [ -0.96786410, -0.17138587, -0.18402709,  6.26335913]
  - [  0.00000000,  0.00000000,  0.00000000,  1.00000000]
  camera_model: pinhole
  distortion_coeffs: [ -0.19957400,  0.16977500, -0.00008300, -0.00020300,  0.00000000]
  distortion_model: plumb_bob
  intrinsics: [2174.42781900,2172.57924300,956.85045600,596.94859000]
  resolution: [1900,1200]
cam7:
  T_cam_body:
  - [  0.30289731,  0.95293682, -0.01283123, -1.85414282]
  - [  0.15297644, -0.06190490, -0.98628900,  1.43576114]
  - [ -0.94066542,  0.29678141, -0.16452771,  5.63199457]
  - [  0.00000000,  0.00000000,  0.00000000,  1.00000000]
  camera_model: pinhole
  distortion_coeffs: [ -0.19961400,  0.16420700, -0.00003500,  0.00040600,  0.00000000]
  distortion_model: plumb_bob
  intrinsics: [2174.75669700,2173.42025700,960.91814700,599.51184600]
  resolution: [1900,1200]
