cam0:
  T_cam_body:
  - [ -0.25814875, -0.96477730,  0.05063587,  2.18927911]
  - [  0.12273796, -0.08473888, -0.98881480,  0.35544009]
  - [  0.95827690, -0.24904636,  0.14029003,  0.15900277]
  - [  0.00000000,  0.00000000,  0.00000000,  1.00000000]
  camera_model: pinhole
  distortion_coeffs: [ -0.20016700,  0.16097300,  0.00039200, -0.00092100,  0.00000000]
  distortion_model: plumb_bob
  intrinsics: [2174.55148200,2172.55663800,959.19672800,613.07115500]
  resolution: [1920,1200]
cam1:
  T_cam_body:
  - [  0.22250582, -0.97454296,  0.02751687,  0.11699736]
  - [  0.15884514,  0.00839106, -0.98726785,  0.17644470]
  - [  0.96190404,  0.22404376,  0.15666848, -0.43407710]
  - [  0.00000000,  0.00000000,  0.00000000,  1.00000000]
  camera_model: pinhole
  distortion_coeffs: [ -0.20596600,  0.18770000, -0.00040500, -0.00052700,  0.00000000]
  distortion_model: plumb_bob
  intrinsics: [2175.13780800,2172.98911900,952.79468600,602.94764200]
  resolution: [1900,1200]
cam2:
  T_cam_body:
  - [  0.15741794, -0.98747310, -0.01079157,  0.17606245]
  - [ -0.18001200, -0.01794844, -0.98350065,  2.33103676]
  - [  0.97098675,  0.15676326, -0.18058242,  0.04431691]
  - [  0.00000000,  0.00000000,  0.00000000,  1.00000000]
  camera_model: pinhole
  distortion_coeffs: [ -0.18906700,  0.12491500,  0.00004300,  0.00029600,  0.00000000]
  distortion_model: plumb_bob
  intrinsics: [2168.75828100,2166.97968700,990.68865100,583.91409000]
  resolution: [1900,1200]
cam3:
  T_cam_body:
  - [ -0.22612438, -0.97409501, -0.00258243,  2.20766941]
  - [ -0.18114783,  0.04465584, -0.98244151,  2.21096809]
  - [  0.95710670, -0.22168617, -0.18655297,  0.54615752]
  - [  0.00000000,  0.00000000,  0.00000000,  1.00000000]
  camera_model: pinhole
  distortion_coeffs: [ -0.20373500,  0.17155500,  0.00030800,  0.00170700,  0.00000000]
  distortion_model: plumb_bob
  intrinsics: [2173.86677800,2171.87626100,976.88097600,604.27685400]
  resolution: [1900,1200]
cam4:
  T_cam_body:
  - [  0.22420789,  0.97379398, -0.03815903, -1.37951906]
  - [ -0.13806638, -0.00702106, -0.99039809,  1.03074965]
  - [ -0.96471161,  0.22732355,  0.13287404,  5.38829524]
  - [  0.00000000,  0.00000000,  0.00000000,  1.00000000]
  camera_model: pinhole
  distortion_coeffs: [ -0.19907400,  0.17018000,  0.00010400, -0.00099100,  0.00000000]
  distortion_model: plumb_bob
  intrinsics: [2167.49490200,2165.56980200,940.89474900,612.57647900]
  resolution: [1900,1200]
cam5:
  T_cam_body:
  - [ -0.29644675,  0.95504925,  0.00050292, -0.34014196]
  - [ -0.16782872, -0.05157553, -0.98446609,  1.28669425]
  - [ -0.94018767, -0.29192617,  0.17557409,  5.88408805]
  - [  0.00000000,  0.00000000,  0.00000000,  1.00000000]
  camera_model: pinhole
  distortion_coeffs: [ -0.20440700,  0.17692000, -0.00025400, -0.00018900,  0.00000000]
  distortion_model: plumb_bob
  intrinsics: [2169.53280200,2167.61894400,958.79047800,602.89947900]
  resolution: [1900,1200]
cam6:
  T_cam_body:
  - [ -0.16964705,  0.98515218, -0.02636391, -1.00685307]
  - [  0.18635278,  0.00579866, -0.98246578,  1.16379238]
  - [ -0.96772544, -0.17158541, -0.18456957,  6.26602187]
  - [  0.00000000,  0.00000000,  0.00000000,  1.00000000]
  camera_model: pinhole
  distortion_coeffs: [ -0.19957400,  0.16977500, -0.00008300, -0.00020300,  0.00000000]
  distortion_model: plumb_bob
  intrinsics: [2174.42781900,2172.57924300,956.85045600,596.94859000]
  resolution: [1900,1200]
cam7:
  T_cam_body:
  - [  0.30208213,  0.95318893, -0.01331339, -1.85428371]
  - [  0.15451965, -0.06274157, -0.98599552,  1.43342625]
  - [ -0.94067532,  0.29579445, -0.16623953,  5.63619796]
  - [  0.00000000,  0.00000000,  0.00000000,  1.00000000]
  camera_model: pinhole
  distortion_coeffs: [ -0.19961400,  0.16420700, -0.00003500,  0.00040600,  0.00000000]
  distortion_model: plumb_bob
  intrinsics: [2174.75669700,2173.42025700,960.91814700,599.51184600]
  resolution: [1900,1200]
