cam0:
  T_cam_body:
  - [ -0.25750694, -0.96498978,  0.04984871,  2.19067184]
  - [  0.12469697, -0.08434384, -0.98860345,  0.35204988]
  - [  0.95819666, -0.24835627,  0.14205043,  0.15236634]
  - [  0.00000000,  0.00000000,  0.00000000,  1.00000000]
  camera_model: pinhole
  distortion_coeffs: [ -0.20016700,  0.16097300,  0.00039200, -0.00092100,  0.00000000]
  distortion_model: plumb_bob
  intrinsics: [2174.55148200,2172.55663800,959.19672800,613.07115500]
  resolution: [1920,1200]
cam1:
  T_cam_body:
  - [  0.22486383, -0.97399247,  0.02783753,  0.10154347]
  - [  0.16010151,  0.00875127, -0.98706176,  0.17201237]
  - [  0.96114711,  0.22641132,  0.15790551, -0.43671142]
  - [  0.00000000,  0.00000000,  0.00000000,  1.00000000]
  camera_model: pinhole
  distortion_coeffs: [ -0.20596600,  0.18770000, -0.00040500, -0.00052700,  0.00000000]
  distortion_model: plumb_bob
  intrinsics: [2175.13780800,2172.98911900,952.79468600,602.94764200]
  resolution: [1900,1200]
cam2:
  T_cam_body:
  - [  0.15791624, -0.98739013, -0.01109889,  0.17161299]
  - [ -0.17687455, -0.01722637, -0.98408264,  2.32158384]
  - [  0.97148230,  0.15736574, -0.17736451,  0.03130169]
  - [  0.00000000,  0.00000000,  0.00000000,  1.00000000]
  camera_model: pinhole
  distortion_coeffs: [ -0.18906700,  0.12491500,  0.00004300,  0.00029600,  0.00000000]
  distortion_model: plumb_bob
  intrinsics: [2168.75828100,2166.97968700,990.68865100,583.91409000]
  resolution: [1900,1200]
cam3:
  T_cam_body:
  - [ -0.22632832, -0.97404590, -0.00317425,  2.21137330]
  - [ -0.17977019,  0.04497361, -0.98268004,  2.20991605]
  - [  0.95731822, -0.22183769, -0.18528322,  0.54114942]
  - [  0.00000000,  0.00000000,  0.00000000,  1.00000000]
  camera_model: pinhole
  distortion_coeffs: [ -0.20373500,  0.17155500,  0.00030800,  0.00170700,  0.00000000]
  distortion_model: plumb_bob
  intrinsics: [2173.86677800,2171.87626100,976.88097600,604.27685400]
  resolution: [1900,1200]
cam4:
  T_cam_body:
  - [  0.22218216,  0.97424543, -0.03848294, -1.36650792]
  - [ -0.13996111, -0.00719150, -0.99013088,  1.03358705]
  - [ -0.96490724,  0.22537554,  0.13475865,  5.38433313]
  - [  0.00000000,  0.00000000,  0.00000000,  1.00000000]
  camera_model: pinhole
  distortion_coeffs: [ -0.19907400,  0.17018000,  0.00010400, -0.00099100,  0.00000000]
  distortion_model: plumb_bob
  intrinsics: [2167.49490200,2165.56980200,940.89474900,612.57647900]
  resolution: [1900,1200]
cam5:
  T_cam_body:
  - [ -0.29452642,  0.95564327,  0.00036126, -0.35306624]
  - [ -0.16823387, -0.05147704, -0.98440209,  1.28672678]
  - [ -0.94071864, -0.28999320,  0.17593291,  5.88080367]
  - [  0.00000000,  0.00000000,  0.00000000,  1.00000000]
  camera_model: pinhole
  distortion_coeffs: [ -0.20440700,  0.17692000, -0.00025400, -0.00018900,  0.00000000]
  distortion_model: plumb_bob
  intrinsics: [2169.53280200,2167.61894400,958.79047800,602.89947900]
  resolution: [1900,1200]
cam6:
  T_cam_body:
  - [ -0.16976650,  0.98512720, -0.02652797, -1.00589219]
  - [  0.18555115,  0.00551551, -0.98261913,  1.16745308]
  - [ -0.96785851, -0.17173811, -0.18372783,  6.26404283]
  - [  0.00000000,  0.00000000,  0.00000000,  1.00000000]
  camera_model: pinhole
  distortion_coeffs: [ -0.19957400,  0.16977500, -0.00008300, -0.00020300,  0.00000000]
  distortion_model: plumb_bob
  intrinsics: [2174.42781900,2172.57924300,956.85045600,596.94859000]
  resolution: [1900,1200]
cam7:
  T_cam_body:
  - [  0.30276860,  0.95296989, -0.01340048, -1.85269672]
  - [  0.15293735, -0.06245841, -0.98626017,  1.43681196]
  - [ -0.94071321,  0.29655917, -0.16465513,  5.63134462]
  - [  0.00000000,  0.00000000,  0.00000000,  1.00000000]
  camera_model: pinhole
  distortion_coeffs: [ -0.19961400,  0.16420700, -0.00003500,  0.00040600,  0.00000000]
  distortion_model: plumb_bob
  intrinsics: [2174.75669700,2173.42025700,960.91814700,599.51184600]
  resolution: [1900,1200]
