cam0:
  T_cam_body:
  - [ -0.25829207, -0.96475562,  0.05031698,  2.18990389]
  - [  0.12356669, -0.08464907, -0.98871928,  0.35487182]
  - [  0.95813177, -0.24916084,  0.14107584,  0.15550844]
  - [  0.00000000,  0.00000000,  0.00000000,  1.00000000]
  camera_model: pinhole
  distortion_coeffs: [ -0.20016700,  0.16097300,  0.00039200, -0.00092100,  0.00000000]
  distortion_model: plumb_bob
  intrinsics: [2174.55148200,2172.55663800,959.19672800,613.07115500]
  resolution: [1920,1200]
cam1:
  T_cam_body:
  - [  0.22528302, -0.97389223,  0.02795517,  0.10042321]
  - [  0.15965990,  0.00859761, -0.98713464,  0.17424429]
  - [  0.96112241,  0.22684799,  0.15742843, -0.43584191]
  - [  0.00000000,  0.00000000,  0.00000000,  1.00000000]
  camera_model: pinhole
  distortion_coeffs: [ -0.20596600,  0.18770000, -0.00040500, -0.00052700,  0.00000000]
  distortion_model: plumb_bob
  intrinsics: [2175.13780800,2172.98911900,952.79468600,602.94764200]
  resolution: [1900,1200]
cam2:
  T_cam_body:
  - [  0.15827777, -0.98733642, -0.01072137,  0.17030219]
  - [ -0.17791833, -0.01783783, -0.98388357,  2.32264756]
  - [  0.97123283,  0.15763443, -0.17848858,  0.03379062]
  - [  0.00000000,  0.00000000,  0.00000000,  1.00000000]
  camera_model: pinhole
  distortion_coeffs: [ -0.18906700,  0.12491500,  0.00004300,  0.00029600,  0.00000000]
  distortion_model: plumb_bob
  intrinsics: [2168.75828100,2166.97968700,990.68865100,583.91409000]
  resolution: [1900,1200]
cam3:
  T_cam_body:
  - [ -0.22632565, -0.97404606, -0.00331146,  2.21167669]
  - [ -0.18054896,  0.04529195, -0.98252263,  2.21090776]
  - [  0.95717228, -0.22177220, -0.18611373,  0.54316307]
  - [  0.00000000,  0.00000000,  0.00000000,  1.00000000]
  camera_model: pinhole
  distortion_coeffs: [ -0.20373500,  0.17155500,  0.00030800,  0.00170700,  0.00000000]
  distortion_model: plumb_bob
  intrinsics: [2173.86677800,2171.87626100,976.88097600,604.27685400]
  resolution: [1900,1200]
cam4:
  T_cam_body:
  - [  0.22409655,  0.97381558, -0.03826168, -1.37553016]
  - [ -0.13870108, -0.00699154, -0.99030961,  1.03181312]
  - [ -0.96464644,  0.22723190,  0.13350249,  5.38715892]
  - [  0.00000000,  0.00000000,  0.00000000,  1.00000000]
  camera_model: pinhole
  distortion_coeffs: [ -0.19907400,  0.17018000,  0.00010400, -0.00099100,  0.00000000]
  distortion_model: plumb_bob
  intrinsics: [2167.49490200,2165.56980200,940.89474900,612.57647900]
  resolution: [1900,1200]
cam5:
  T_cam_body:
  - [ -0.29555890,  0.95532439,  0.00050317, -0.34466144]
  - [ -0.16765921, -0.05135198, -0.98450666,  1.28672208]
  - [ -0.94049738, -0.29106407,  0.17534647,  5.88405067]
  - [  0.00000000,  0.00000000,  0.00000000,  1.00000000]
  camera_model: pinhole
  distortion_coeffs: [ -0.20440700,  0.17692000, -0.00025400, -0.00018900,  0.00000000]
  distortion_model: plumb_bob
  intrinsics: [2169.53280200,2167.61894400,958.79047800,602.89947900]
  resolution: [1900,1200]
cam6:
  T_cam_body:
  - [ -0.16902436,  0.98526921, -0.02598746, -1.00796587]
  - [  0.18669750,  0.00611649, -0.98239841,  1.16442897]
  - [ -0.96776795, -0.17090106, -0.18498113,  6.26503890]
  - [  0.00000000,  0.00000000,  0.00000000,  1.00000000]
  camera_model: pinhole
  distortion_coeffs: [ -0.19957400,  0.16977500, -0.00008300, -0.00020300,  0.00000000]
  distortion_model: plumb_bob
  intrinsics: [2174.42781900,2172.57924300,956.85045600,596.94859000]
  resolution: [1900,1200]
cam7:
  T_cam_body:
  - [  0.30270341,  0.95299819, -0.01284901, -1.85468436]
  - [  0.15395091, -0.06219542, -0.98611908,  1.43359860]
  - [ -0.94056885,  0.29652349, -0.16554170,  5.63359327]
  - [  0.00000000,  0.00000000,  0.00000000,  1.00000000]
  camera_model: pinhole
  distortion_coeffs: [ -0.19961400,  0.16420700, -0.00003500,  0.00040600,  0.00000000]
  distortion_model: plumb_bob
  intrinsics: [2174.75669700,2173.42025700,960.91814700,599.51184600]
  resolution: [1900,1200]
