cam0:
  T_cam_body:
  - [ -0.25765235, -0.96492419,  0.05036450,  2.19034299]
  - [  0.12347894, -0.08457851, -0.98873628,  0.35465349]
  - [  0.95831530, -0.24853127,  0.14093966,  0.15388069]
  - [  0.00000000,  0.00000000,  0.00000000,  1.00000000]
  camera_model: pinhole
  distortion_coeffs: [ -0.20016700,  0.16097300,  0.00039200, -0.00092100,  0.00000000]
  distortion_model: plumb_bob
  intrinsics: [2174.55148200,2172.55663800,959.19672800,613.07115500]
  resolution: [1920,1200]
cam1:
  T_cam_body:
  - [  0.22492539, -0.97397742,  0.02786667,  0.10064465]
  - [  0.15987260,  0.00867806, -0.98709951,  0.17266335]
  - [  0.96117081,  0.22647886,  0.15766421, -0.43655951]
  - [  0.00000000,  0.00000000,  0.00000000,  1.00000000]
  camera_model: pinhole
  distortion_coeffs: [ -0.20596600,  0.18770000, -0.00040500, -0.00052700,  0.00000000]
  distortion_model: plumb_bob
  intrinsics: [2175.13780800,2172.98911900,952.79468600,602.94764200]
  resolution: [1900,1200]
cam2:
  T_cam_body:
  - [  0.15821102, -0.98734699, -0.01073259,  0.17059772]
  - [ -0.17778254, -0.01779240, -0.98390894,  2.32148421]
  - [  0.97126857,  0.15757330, -0.17834801,  0.03343365]
  - [  0.00000000,  0.00000000,  0.00000000,  1.00000000]
  camera_model: pinhole
  distortion_coeffs: [ -0.18906700,  0.12491500,  0.00004300,  0.00029600,  0.00000000]
  distortion_model: plumb_bob
  intrinsics: [2168.75828100,2166.97968700,990.68865100,583.91409000]
  resolution: [1900,1200]
cam3:
  T_cam_body:
  - [ -0.22653283, -0.97399780, -0.00334029,  2.21253376]
  - [ -0.18053603,  0.04535867, -0.98252192,  2.21058334]
  - [  0.95712571, -0.22197043, -0.18611693,  0.54362292]
  - [  0.00000000,  0.00000000,  0.00000000,  1.00000000]
  camera_model: pinhole
  distortion_coeffs: [ -0.20373500,  0.17155500,  0.00030800,  0.00170700,  0.00000000]
  distortion_model: plumb_bob
  intrinsics: [2173.86677800,2171.87626100,976.88097600,604.27685400]
  resolution: [1900,1200]
cam4:
  T_cam_body:
  - [  0.22388881,  0.97386345, -0.03825936, -1.37548280]
  - [ -0.13843108, -0.00708196, -0.99034675,  1.03103726]
  - [ -0.96473345,  0.22702384,  0.13322740,  5.38778105]
  - [  0.00000000,  0.00000000,  0.00000000,  1.00000000]
  camera_model: pinhole
  distortion_coeffs: [ -0.19907400,  0.17018000,  0.00010400, -0.00099100,  0.00000000]
  distortion_model: plumb_bob
  intrinsics: [2167.49490200,2165.56980200,940.89474900,612.57647900]
  resolution: [1900,1200]
cam5:
  T_cam_body:
  - [ -0.29557466,  0.95531952,  0.00047988, -0.34449738]
  - [ -0.16810089, -0.05151570, -0.98442279,  1.28619456]
  - [ -0.94041359, -0.29105110,  0.17581680,  5.88263737]
  - [  0.00000000,  0.00000000,  0.00000000,  1.00000000]
  camera_model: pinhole
  distortion_coeffs: [ -0.20440700,  0.17692000, -0.00025400, -0.00018900,  0.00000000]
  distortion_model: plumb_bob
  intrinsics: [2169.53280200,2167.61894400,958.79047800,602.89947900]
  resolution: [1900,1200]
cam6:
  T_cam_body:
  - [ -0.16952212,  0.98517090, -0.02646781, -1.00693804]
  - [  0.18579383,  0.00557224, -0.98257295,  1.16557582]
  - [ -0.96785479, -0.17148541, -0.18398330,  6.26498170]
  - [  0.00000000,  0.00000000,  0.00000000,  1.00000000]
  camera_model: pinhole
  distortion_coeffs: [ -0.19957400,  0.16977500, -0.00008300, -0.00020300,  0.00000000]
  distortion_model: plumb_bob
  intrinsics: [2174.42781900,2172.57924300,956.85045600,596.94859000]
  resolution: [1900,1200]
cam7:
  T_cam_body:
  - [  0.30261297,  0.95303196, -0.01246891, -1.85608340]
  - [  0.15441440, -0.06193175, -0.98606321,  1.43305635]
  - [ -0.94052197,  0.29647014, -0.16590321,  5.63430838]
  - [  0.00000000,  0.00000000,  0.00000000,  1.00000000]
  camera_model: pinhole
  distortion_coeffs: [ -0.19961400,  0.16420700, -0.00003500,  0.00040600,  0.00000000]
  distortion_model: plumb_bob
  intrinsics: [2174.75669700,2173.42025700,960.91814700,599.51184600]
  resolution: [1900,1200]
