cam0:
  T_cam_body:
  - [ -0.25841224, -0.96470426,  0.05068346,  2.19001288]
  - [  0.12285027, -0.08485642, -0.98879078,  0.35525454]
  - [  0.95819149, -0.24928916,  0.14044212,  0.15714184]
  - [  0.00000000,  0.00000000,  0.00000000,  1.00000000]
  camera_model: pinhole
  distortion_coeffs: [ -0.20016700,  0.16097300,  0.00039200, -0.00092100,  0.00000000]
  distortion_model: plumb_bob
  intrinsics: [2174.55148200,2172.55663800,959.19672800,613.07115500]
  resolution: [1920,1200]
cam1:
  T_cam_body:
  - [  0.22524069, -0.97390275,  0.02792973,  0.10099885]
  - [  0.15941069,  0.00855756, -0.98717526,  0.17393747]
  - [  0.96117369,  0.22680433,  0.15717802, -0.43521875]
  - [  0.00000000,  0.00000000,  0.00000000,  1.00000000]
  camera_model: pinhole
  distortion_coeffs: [ -0.20596600,  0.18770000, -0.00040500, -0.00052700,  0.00000000]
  distortion_model: plumb_bob
  intrinsics: [2175.13780800,2172.98911900,952.79468600,602.94764200]
  resolution: [1900,1200]
cam2:
  T_cam_body:
  - [  0.15912110, -0.98720300, -0.01052197,  0.16604743]
  - [ -0.17969198, -0.01848041, -0.98354932,  2.33067603]
  - [  0.97076839,  0.15839417, -0.18033308,  0.04039814]
  - [  0.00000000,  0.00000000,  0.00000000,  1.00000000]
  camera_model: pinhole
  distortion_coeffs: [ -0.18906700,  0.12491500,  0.00004300,  0.00029600,  0.00000000]
  distortion_model: plumb_bob
  intrinsics: [2168.75828100,2166.97968700,990.68865100,583.91409000]
  resolution: [1900,1200]
cam3:
  T_cam_body:
  - [ -0.22648520, -0.97401084, -0.00270795,  2.21062164]
  - [ -0.18094635,  0.04480665, -0.98247177,  2.21222793]
  - [  0.95705949, -0.22202532, -0.18639175,  0.54564319]
  - [  0.00000000,  0.00000000,  0.00000000,  1.00000000]
  camera_model: pinhole
  distortion_coeffs: [ -0.20373500,  0.17155500,  0.00030800,  0.00170700,  0.00000000]
  distortion_model: plumb_bob
  intrinsics: [2173.86677800,2171.87626100,976.88097600,604.27685400]
  resolution: [1900,1200]
cam4:
  T_cam_body:
  - [  0.22489761,  0.97362976, -0.03829040, -1.38151647]
  - [ -0.13829974, -0.00700289, -0.99036566,  1.03046850]
  - [ -0.96451762,  0.22802642,  0.13307781,  5.38763011]
  - [  0.00000000,  0.00000000,  0.00000000,  1.00000000]
  camera_model: pinhole
  distortion_coeffs: [ -0.19907400,  0.17018000,  0.00010400, -0.00099100,  0.00000000]
  distortion_model: plumb_bob
  intrinsics: [2167.49490200,2165.56980200,940.89474900,612.57647900]
  resolution: [1900,1200]
cam5:
  T_cam_body:
  - [ -0.29665835,  0.95498352,  0.00055208, -0.33832010]
  - [ -0.16780980, -0.05155971, -0.98447014,  1.28643127]
  - [ -0.94012430, -0.29214393,  0.17555122,  5.88492551]
  - [  0.00000000,  0.00000000,  0.00000000,  1.00000000]
  camera_model: pinhole
  distortion_coeffs: [ -0.20440700,  0.17692000, -0.00025400, -0.00018900,  0.00000000]
  distortion_model: plumb_bob
  intrinsics: [2169.53280200,2167.61894400,958.79047800,602.89947900]
  resolution: [1900,1200]
cam6:
  T_cam_body:
  - [ -0.16936918,  0.98520411, -0.02620966, -1.00725433]
  - [  0.18624798,  0.00588108, -0.98248517,  1.16374379]
  - [ -0.96779428, -0.17128421, -0.18448835,  6.26590685]
  - [  0.00000000,  0.00000000,  0.00000000,  1.00000000]
  camera_model: pinhole
  distortion_coeffs: [ -0.19957400,  0.16977500, -0.00008300, -0.00020300,  0.00000000]
  distortion_model: plumb_bob
  intrinsics: [2174.42781900,2172.57924300,956.85045600,596.94859000]
  resolution: [1900,1200]
cam7:
  T_cam_body:
  - [  0.30255088,  0.95304439, -0.01301373, -1.85465748]
  - [  0.15445935, -0.06249826, -0.98602042,  1.43314353]
  - [ -0.94053457,  0.29631126, -0.16611552,  5.63619551]
  - [  0.00000000,  0.00000000,  0.00000000,  1.00000000]
  camera_model: pinhole
  distortion_coeffs: [ -0.19961400,  0.16420700, -0.00003500,  0.00040600,  0.00000000]
  distortion_model: plumb_bob
  intrinsics: [2174.75669700,2173.42025700,960.91814700,599.51184600]
  resolution: [1900,1200]
