cam0:
  T_cam_body:
  - [ -0.25727011, -0.96505614,  0.04978696,  2.19127789]
  - [  0.12475021, -0.08425841, -0.98860402,  0.35135686]
  - [  0.95825335, -0.24812733,  0.14206813,  0.15200751]
  - [  0.00000000,  0.00000000,  0.00000000,  1.00000000]
  camera_model: pinhole
  distortion_coeffs: [ -0.20016700,  0.16097300,  0.00039200, -0.00092100,  0.00000000]
  distortion_model: plumb_bob
  intrinsics: [2174.55148200,2172.55663800,959.19672800,613.07115500]
  resolution: [1920,1200]
cam1:
  T_cam_body:
  - [  0.22483201, -0.97400584,  0.02762575,  0.10146654]
  - [  0.16026954,  0.00900017, -0.98703225,  0.17145077]
  - [  0.96112655,  0.22634402,  0.15812700, -0.43679047]
  - [  0.00000000,  0.00000000,  0.00000000,  1.00000000]
  camera_model: pinhole
  distortion_coeffs: [ -0.20596600,  0.18770000, -0.00040500, -0.00052700,  0.00000000]
  distortion_model: plumb_bob
  intrinsics: [2175.13780800,2172.98911900,952.79468600,602.94764200]
  resolution: [1900,1200]
cam2:
  T_cam_body:
  - [  0.15798017, -0.98737936, -0.01114741,  0.17161243]
  - [ -0.17715978, -0.01723586, -0.98403117,  2.32132967]
  - [  0.97141993,  0.15743229, -0.17764684,  0.03179958]
  - [  0.00000000,  0.00000000,  0.00000000,  1.00000000]
  camera_model: pinhole
  distortion_coeffs: [ -0.18906700,  0.12491500,  0.00004300,  0.00029600,  0.00000000]
  distortion_model: plumb_bob
  intrinsics: [2168.75828100,2166.97968700,990.68865100,583.91409000]
  resolution: [1900,1200]
cam3:
  T_cam_body:
  - [ -0.22655009, -0.97399428, -0.00319328,  2.21139699]
  - [ -0.17986090,  0.04505716, -0.98265961,  2.20965196]
  - [  0.95724872, -0.22204727, -0.18539119,  0.54225232]
  - [  0.00000000,  0.00000000,  0.00000000,  1.00000000]
  camera_model: pinhole
  distortion_coeffs: [ -0.20373500,  0.17155500,  0.00030800,  0.00170700,  0.00000000]
  distortion_model: plumb_bob
  intrinsics: [2173.86677800,2171.87626100,976.88097600,604.27685400]
  resolution: [1900,1200]
cam4:
  T_cam_body:
  - [  0.22264340,  0.97413897, -0.03851199, -1.37015632]
  - [ -0.14011085, -0.00712050, -0.99011022,  1.03393909]
  - [ -0.96477918,  0.22583746,  0.13490211,  5.38442378]
  - [  0.00000000,  0.00000000,  0.00000000,  1.00000000]
  camera_model: pinhole
  distortion_coeffs: [ -0.19907400,  0.17018000,  0.00010400, -0.00099100,  0.00000000]
  distortion_model: plumb_bob
  intrinsics: [2167.49490200,2165.56980200,940.89474900,612.57647900]
  resolution: [1900,1200]
cam5:
  T_cam_body:
  - [ -0.29534997,  0.95538906,  0.00036738, -0.34977350]
  - [ -0.16886717, -0.05182528, -0.98427538,  1.28699259]
  - [ -0.94034689, -0.29076774,  0.17664044,  5.88119950]
  - [  0.00000000,  0.00000000,  0.00000000,  1.00000000]
  camera_model: pinhole
  distortion_coeffs: [ -0.20440700,  0.17692000, -0.00025400, -0.00018900,  0.00000000]
  distortion_model: plumb_bob
  intrinsics: [2169.53280200,2167.61894400,958.79047800,602.89947900]
  resolution: [1900,1200]
cam6:
  T_cam_body:
  - [ -0.16982722,  0.98512370, -0.02626796, -1.00646077]
  - [  0.18562516,  0.00579949, -0.98260351,  1.16650469]
  - [ -0.96783367, -0.17174882, -0.18384866,  6.26479455]
  - [  0.00000000,  0.00000000,  0.00000000,  1.00000000]
  camera_model: pinhole
  distortion_coeffs: [ -0.19957400,  0.16977500, -0.00008300, -0.00020300,  0.00000000]
  distortion_model: plumb_bob
  intrinsics: [2174.42781900,2172.57924300,956.85045600,596.94859000]
  resolution: [1900,1200]
cam7:
  T_cam_body:
  - [  0.30277140,  0.95296824, -0.01345398, -1.85297588]
  - [  0.15301812, -0.06253975, -0.98624248,  1.43612697]
  - [ -0.94069917,  0.29654732, -0.16475666,  5.63225665]
  - [  0.00000000,  0.00000000,  0.00000000,  1.00000000]
  camera_model: pinhole
  distortion_coeffs: [ -0.19961400,  0.16420700, -0.00003500,  0.00040600,  0.00000000]
  distortion_model: plumb_bob
  intrinsics: [2174.75669700,2173.42025700,960.91814700,599.51184600]
  resolution: [1900,1200]
