cam0:
  T_cam_body:
  - [ -0.25547146, -0.96549197,  0.05059243,  2.19166445]
  - [  0.12374479, -0.08455199, -0.98870531,  0.35457711]
  - [  0.95886472, -0.24632544,  0.14107523,  0.14881880]
  - [  0.00000000,  0.00000000,  0.00000000,  1.00000000]
  camera_model: pinhole
  distortion_coeffs: [ -0.20016700,  0.16097300,  0.00039200, -0.00092100,  0.00000000]
  distortion_model: plumb_bob
  intrinsics: [2174.55148200,2172.55663800,959.19672800,613.07115500]
  resolution: [1920,1200]
cam1:
  T_cam_body:
  - [  0.22342006, -0.97430325,  0.02857726,  0.10217346]
  - [  0.15987459,  0.00770845, -0.98710724,  0.17369622]
  - [  0.96152150,  0.22510833,  0.15748855, -0.43519480]
  - [  0.00000000,  0.00000000,  0.00000000,  1.00000000]
  camera_model: pinhole
  distortion_coeffs: [ -0.20596600,  0.18770000, -0.00040500, -0.00052700,  0.00000000]
  distortion_model: plumb_bob
  intrinsics: [2175.13780800,2172.98911900,952.79468600,602.94764200]
  resolution: [1900,1200]
cam2:
  T_cam_body:
  - [  0.15831356, -0.98733184, -0.01061373,  0.16913746]
  - [ -0.17865485, -0.01807120, -0.98374584,  2.32987660]
  - [  0.97109179,  0.15763650, -0.17925253,  0.03716750]
  - [  0.00000000,  0.00000000,  0.00000000,  1.00000000]
  camera_model: pinhole
  distortion_coeffs: [ -0.18906700,  0.12491500,  0.00004300,  0.00029600,  0.00000000]
  distortion_model: plumb_bob
  intrinsics: [2168.75828100,2166.97968700,990.68865100,583.91409000]
  resolution: [1900,1200]
cam3:
  T_cam_body:
  - [ -0.22663219, -0.97397752, -0.00237646,  2.21008048]
  - [ -0.18072026,  0.04444864, -0.98252965,  2.21265393]
  - [  0.95706742, -0.22224337, -0.18609096,  0.54376978]
  - [  0.00000000,  0.00000000,  0.00000000,  1.00000000]
  camera_model: pinhole
  distortion_coeffs: [ -0.20373500,  0.17155500,  0.00030800,  0.00170700,  0.00000000]
  distortion_model: plumb_bob
  intrinsics: [2173.86677800,2171.87626100,976.88097600,604.27685400]
  resolution: [1900,1200]
cam4:
  T_cam_body:
  - [  0.22282558,  0.97410588, -0.03829491, -1.36891073]
  - [ -0.13878892, -0.00718358, -0.99029593,  1.03217294]
  - [ -0.96492818,  0.22597818,  0.13359442,  5.38701384]
  - [  0.00000000,  0.00000000,  0.00000000,  1.00000000]
  camera_model: pinhole
  distortion_coeffs: [ -0.19907400,  0.17018000,  0.00010400, -0.00099100,  0.00000000]
  distortion_model: plumb_bob
  intrinsics: [2167.49490200,2165.56980200,940.89474900,612.57647900]
  resolution: [1900,1200]
cam5:
  T_cam_body:
  - [ -0.29499427,  0.95549897,  0.00032582, -0.34939778]
  - [ -0.16800609, -0.05153337, -0.98443805,  1.28630532]
  - [ -0.94061275, -0.29045832,  0.17573169,  5.88110019]
  - [  0.00000000,  0.00000000,  0.00000000,  1.00000000]
  camera_model: pinhole
  distortion_coeffs: [ -0.20440700,  0.17692000, -0.00025400, -0.00018900,  0.00000000]
  distortion_model: plumb_bob
  intrinsics: [2169.53280200,2167.61894400,958.79047800,602.89947900]
  resolution: [1900,1200]
cam6:
  T_cam_body:
  - [ -0.16974364,  0.98513446, -0.02640458, -1.00585584]
  - [  0.18603621,  0.00572031, -0.98252624,  1.16501017]
  - [ -0.96776941, -0.17168979, -0.18424167,  6.26417057]
  - [  0.00000000,  0.00000000,  0.00000000,  1.00000000]
  camera_model: pinhole
  distortion_coeffs: [ -0.19957400,  0.16977500, -0.00008300, -0.00020300,  0.00000000]
  distortion_model: plumb_bob
  intrinsics: [2174.42781900,2172.57924300,956.85045600,596.94859000]
  resolution: [1900,1200]
cam7:
  T_cam_body:
  - [  0.30254529,  0.95304260, -0.01327201, -1.85316867]
  - [  0.15375601, -0.06254290, -0.98612751,  1.43565441]
  - [ -0.94065160,  0.29630758, -0.16545809,  5.63256800]
  - [  0.00000000,  0.00000000,  0.00000000,  1.00000000]
  camera_model: pinhole
  distortion_coeffs: [ -0.19961400,  0.16420700, -0.00003500,  0.00040600,  0.00000000]
  distortion_model: plumb_bob
  intrinsics: [2174.75669700,2173.42025700,960.91814700,599.51184600]
  resolution: [1900,1200]
