cam0:
  T_cam_body:
  - [ -0.25686296, -0.96517888,  0.04950911,  2.19154908]
  - [  0.12788399, -0.08472188, -0.98816390,  0.35189893]
  - [  0.95794943, -0.24749128,  0.14519284,  0.14997020]
  - [  0.00000000,  0.00000000,  0.00000000,  1.00000000]
  camera_model: pinhole
  distortion_coeffs: [ -0.20016700,  0.16097300,  0.00039200, -0.00092100,  0.00000000]
  distortion_model: plumb_bob
  intrinsics: [2174.55148200,2172.55663800,959.19672800,613.07115500]
  resolution: [1920,1200]
cam1:
  T_cam_body:
  - [  0.22394625, -0.97418774,  0.02839570,  0.10237567]
  - [  0.16027045,  0.00807264, -0.98704013,  0.17111894]
  - [  0.96133317,  0.22559493,  0.15794134, -0.43673414]
  - [  0.00000000,  0.00000000,  0.00000000,  1.00000000]
  camera_model: pinhole
  distortion_coeffs: [ -0.20596600,  0.18770000, -0.00040500, -0.00052700,  0.00000000]
  distortion_model: plumb_bob
  intrinsics: [2175.13780800,2172.98911900,952.79468600,602.94764200]
  resolution: [1900,1200]
cam2:
  T_cam_body:
  - [  0.15746695, -0.98746535, -0.01078576,  0.17203063]
  - [ -0.17708066, -0.01748995, -0.98404093,  2.32075445]
  - [  0.97151768,  0.15686388, -0.17761510,  0.03170582]
  - [  0.00000000,  0.00000000,  0.00000000,  1.00000000]
  camera_model: pinhole
  distortion_coeffs: [ -0.18906700,  0.12491500,  0.00004300,  0.00029600,  0.00000000]
  distortion_model: plumb_bob
  intrinsics: [2168.75828100,2166.97968700,990.68865100,583.91409000]
  resolution: [1900,1200]
cam3:
  T_cam_body:
  - [ -0.22647346, -0.97401360, -0.00269978,  2.21074976]
  - [ -0.17966569,  0.04449900, -0.98272075,  2.21036789]
  - [  0.95730351, -0.22207511, -0.18507467,  0.54148796]
  - [  0.00000000,  0.00000000,  0.00000000,  1.00000000]
  camera_model: pinhole
  distortion_coeffs: [ -0.20373500,  0.17155500,  0.00030800,  0.00170700,  0.00000000]
  distortion_model: plumb_bob
  intrinsics: [2173.86677800,2171.87626100,976.88097600,604.27685400]
  resolution: [1900,1200]
cam4:
  T_cam_body:
  - [  0.22189819,  0.97429067, -0.03897274, -1.36497798]
  - [ -0.16645272, -0.00153286, -0.98604825,  1.18473112]
  - [ -0.96075735,  0.22528944,  0.16183319,  5.35677613]
  - [  0.00000000,  0.00000000,  0.00000000,  1.00000000]
  camera_model: pinhole
  distortion_coeffs: [ -0.19907400,  0.17018000,  0.00010400, -0.00099100,  0.00000000]
  distortion_model: plumb_bob
  intrinsics: [2167.49490200,2165.56980200,940.89474900,612.57647900]
  resolution: [1900,1200]
cam5:
  T_cam_body:
  - [ -0.29442729,  0.95567382,  0.00035323, -0.35654070]
  - [ -0.16969365, -0.05191606, -0.98412844,  1.29058040]
  - [ -0.94048744, -0.28981421,  0.17745728,  5.87874802]
  - [  0.00000000,  0.00000000,  0.00000000,  1.00000000]
  camera_model: pinhole
  distortion_coeffs: [ -0.20440700,  0.17692000, -0.00025400, -0.00018900,  0.00000000]
  distortion_model: plumb_bob
  intrinsics: [2169.53280200,2167.61894400,958.79047800,602.89947900]
  resolution: [1900,1200]
cam6:
  T_cam_body:
  - [ -0.17015278,  0.98506446, -0.02638242, -1.00597026]
  - [  0.18538020,  0.00570345, -0.98265032,  1.16820778]
  - [ -0.96782344, -0.17209146, -0.18358191,  6.26372009]
  - [  0.00000000,  0.00000000,  0.00000000,  1.00000000]
  camera_model: pinhole
  distortion_coeffs: [ -0.19957400,  0.16977500, -0.00008300, -0.00020300,  0.00000000]
  distortion_model: plumb_bob
  intrinsics: [2174.42781900,2172.57924300,956.85045600,596.94859000]
  resolution: [1900,1200]
cam7:
  T_cam_body:
  - [  0.30237482,  0.95309262, -0.01356203, -1.85206945]
  - [  0.15269989, -0.06247952, -0.98629562,  1.43702971]
  - [ -0.94087843,  0.29616004, -0.16442937,  5.63151311]
  - [  0.00000000,  0.00000000,  0.00000000,  1.00000000]
  camera_model: pinhole
  distortion_coeffs: [ -0.19961400,  0.16420700, -0.00003500,  0.00040600,  0.00000000]
  distortion_model: plumb_bob
  intrinsics: [2174.75669700,2173.42025700,960.91814700,599.51184600]
  resolution: [1900,1200]
