cam0:
  T_cam_body:
  - [ -0.25602070, -0.96536168,  0.05030126,  2.19136639]
  - [  0.12683638, -0.08513250, -0.98826362,  0.35468141]
  - [  0.95831411, -0.24663592,  0.14423867,  0.14965886]
  - [  0.00000000,  0.00000000,  0.00000000,  1.00000000]
  camera_model: pinhole
  distortion_coeffs: [ -0.20016700,  0.16097300,  0.00039200, -0.00092100,  0.00000000]
  distortion_model: plumb_bob
  intrinsics: [2174.55148200,2172.55663800,959.19672800,613.07115500]
  resolution: [1920,1200]
cam1:
  T_cam_body:
  - [  0.22402829, -0.97416096,  0.02866617,  0.10131174]
  - [  0.16017078,  0.00778886, -0.98705859,  0.17302605]
  - [  0.96133066,  0.22572053,  0.15777705, -0.43676284]
  - [  0.00000000,  0.00000000,  0.00000000,  1.00000000]
  camera_model: pinhole
  distortion_coeffs: [ -0.20596600,  0.18770000, -0.00040500, -0.00052700,  0.00000000]
  distortion_model: plumb_bob
  intrinsics: [2175.13780800,2172.98911900,952.79468600,602.94764200]
  resolution: [1900,1200]
cam2:
  T_cam_body:
  - [  0.15855723, -0.98729483, -0.01041784,  0.16699247]
  - [ -0.17856967, -0.01829736, -0.98375712,  2.32873835]
  - [  0.97106770,  0.15784212, -0.17920209,  0.03646189]
  - [  0.00000000,  0.00000000,  0.00000000,  1.00000000]
  camera_model: pinhole
  distortion_coeffs: [ -0.18906700,  0.12491500,  0.00004300,  0.00029600,  0.00000000]
  distortion_model: plumb_bob
  intrinsics: [2168.75828100,2166.97968700,990.68865100,583.91409000]
  resolution: [1900,1200]
cam3:
  T_cam_body:
  - [ -0.22627101, -0.97405934, -0.00313538,  2.21120594]
  - [ -0.18055216,  0.04510437, -0.98253067,  2.21033673]
  - [  0.95718459, -0.22175210, -0.18607433,  0.54397379]
  - [  0.00000000,  0.00000000,  0.00000000,  1.00000000]
  camera_model: pinhole
  distortion_coeffs: [ -0.20373500,  0.17155500,  0.00030800,  0.00170700,  0.00000000]
  distortion_model: plumb_bob
  intrinsics: [2173.86677800,2171.87626100,976.88097600,604.27685400]
  resolution: [1900,1200]
cam4:
  T_cam_body:
  - [  0.22276505,  0.97409612, -0.03889055, -1.36758605]
  - [ -0.16526877, -0.00158054, -0.98624730,  1.18242118]
  - [ -0.96076114,  0.22612882,  0.16063558,  5.35803342]
  - [  0.00000000,  0.00000000,  0.00000000,  1.00000000]
  camera_model: pinhole
  distortion_coeffs: [ -0.19907400,  0.17018000,  0.00010400, -0.00099100,  0.00000000]
  distortion_model: plumb_bob
  intrinsics: [2167.49490200,2165.56980200,940.89474900,612.57647900]
  resolution: [1900,1200]
cam5:
  T_cam_body:
  - [ -0.29505120,  0.95548138,  0.00034823, -0.35059907]
  - [ -0.16861718, -0.05170999, -0.98432430,  1.28992871]
  - [ -0.94048553, -0.29048478,  0.17636767,  5.88088508]
  - [  0.00000000,  0.00000000,  0.00000000,  1.00000000]
  camera_model: pinhole
  distortion_coeffs: [ -0.20440700,  0.17692000, -0.00025400, -0.00018900,  0.00000000]
  distortion_model: plumb_bob
  intrinsics: [2169.53280200,2167.61894400,958.79047800,602.89947900]
  resolution: [1900,1200]
cam6:
  T_cam_body:
  - [ -0.16984025,  0.98511846, -0.02637996, -1.00585407]
  - [  0.18570291,  0.00570405, -0.98258938,  1.16689157]
  - [ -0.96781647, -0.17178206, -0.18390815,  6.26361798]
  - [  0.00000000,  0.00000000,  0.00000000,  1.00000000]
  camera_model: pinhole
  distortion_coeffs: [ -0.19957400,  0.16977500, -0.00008300, -0.00020300,  0.00000000]
  distortion_model: plumb_bob
  intrinsics: [2174.42781900,2172.57924300,956.85045600,596.94859000]
  resolution: [1900,1200]
cam7:
  T_cam_body:
  - [  0.30270995,  0.95299353, -0.01303937, -1.85382759]
  - [  0.15364763, -0.06229798, -0.98615991,  1.43481451]
  - [ -0.94061634,  0.29651695, -0.16528342,  5.63285884]
  - [  0.00000000,  0.00000000,  0.00000000,  1.00000000]
  camera_model: pinhole
  distortion_coeffs: [ -0.19961400,  0.16420700, -0.00003500,  0.00040600,  0.00000000]
  distortion_model: plumb_bob
  intrinsics: [2174.75669700,2173.42025700,960.91814700,599.51184600]
  resolution: [1900,1200]
