cam0:
  T_cam_body:
  - [ -0.25707131, -0.96512742,  0.04943077,  2.19119720]
  - [  0.12747501, -0.08456825, -0.98822990,  0.35261355]
  - [  0.95794805, -0.24774437,  0.14476970,  0.15043427]
  - [  0.00000000,  0.00000000,  0.00000000,  1.00000000]
  camera_model: pinhole
  distortion_coeffs: [ -0.20016700,  0.16097300,  0.00039200, -0.00092100,  0.00000000]
  distortion_model: plumb_bob
  intrinsics: [2174.55148200,2172.55663800,959.19672800,613.07115500]
  resolution: [1920,1200]
cam1:
  T_cam_body:
  - [  0.22476167, -0.97401889,  0.02773786,  0.10113174]
  - [  0.16021949,  0.00886305, -0.98704162,  0.17162662]
  - [  0.96115134,  0.22629327,  0.15804889, -0.43748011]
  - [  0.00000000,  0.00000000,  0.00000000,  1.00000000]
  camera_model: pinhole
  distortion_coeffs: [ -0.20596600,  0.18770000, -0.00040500, -0.00052700,  0.00000000]
  distortion_model: plumb_bob
  intrinsics: [2175.13780800,2172.98911900,952.79468600,602.94764200]
  resolution: [1900,1200]
cam2:
  T_cam_body:
  - [  0.15782090, -0.98740613, -0.01103149,  0.17154247]
  - [ -0.17731887, -0.01734811, -0.98400054,  2.32092898]
  - [  0.97141679,  0.15725194, -0.17782363,  0.03127285]
  - [  0.00000000,  0.00000000,  0.00000000,  1.00000000]
  camera_model: pinhole
  distortion_coeffs: [ -0.18906700,  0.12491500,  0.00004300,  0.00029600,  0.00000000]
  distortion_model: plumb_bob
  intrinsics: [2168.75828100,2166.97968700,990.68865100,583.91409000]
  resolution: [1900,1200]
cam3:
  T_cam_body:
  - [ -0.22638590, -0.97403285, -0.00306997,  2.21108184]
  - [ -0.18004627,  0.04494364, -0.98263086,  2.21047013]
  - [  0.95725272, -0.22190104, -0.18554559,  0.54177274]
  - [  0.00000000,  0.00000000,  0.00000000,  1.00000000]
  camera_model: pinhole
  distortion_coeffs: [ -0.20373500,  0.17155500,  0.00030800,  0.00170700,  0.00000000]
  distortion_model: plumb_bob
  intrinsics: [2173.86677800,2171.87626100,976.88097600,604.27685400]
  resolution: [1900,1200]
cam4:
  T_cam_body:
  - [  0.22290822,  0.97405671, -0.03905707, -1.36686720]
  - [ -0.16534356, -0.00170728, -0.98623455,  1.18386952]
  - [ -0.96071506,  0.22629762,  0.16067344,  5.35836427]
  - [  0.00000000,  0.00000000,  0.00000000,  1.00000000]
  camera_model: pinhole
  distortion_coeffs: [ -0.19907400,  0.17018000,  0.00010400, -0.00099100,  0.00000000]
  distortion_model: plumb_bob
  intrinsics: [2167.49490200,2165.56980200,940.89474900,612.57647900]
  resolution: [1900,1200]
cam5:
  T_cam_body:
  - [ -0.29483337,  0.95554863,  0.00032149, -0.35294309]
  - [ -0.16938610, -0.05193276, -0.98418054,  1.28996499]
  - [ -0.94041567, -0.29022372,  0.17716817,  5.88021929]
  - [  0.00000000,  0.00000000,  0.00000000,  1.00000000]
  camera_model: pinhole
  distortion_coeffs: [ -0.20440700,  0.17692000, -0.00025400, -0.00018900,  0.00000000]
  distortion_model: plumb_bob
  intrinsics: [2169.53280200,2167.61894400,958.79047800,602.89947900]
  resolution: [1900,1200]
cam6:
  T_cam_body:
  - [ -0.16980265,  0.98512397, -0.02641628, -1.00612946]
  - [  0.18557119,  0.00563732, -0.98261465,  1.16662175]
  - [ -0.96784833, -0.17175268, -0.18376786,  6.26398897]
  - [  0.00000000,  0.00000000,  0.00000000,  1.00000000]
  camera_model: pinhole
  distortion_coeffs: [ -0.19957400,  0.16977500, -0.00008300, -0.00020300,  0.00000000]
  distortion_model: plumb_bob
  intrinsics: [2174.42781900,2172.57924300,956.85045600,596.94859000]
  resolution: [1900,1200]
cam7:
  T_cam_body:
  - [  0.30285012,  0.95295052, -0.01292702, -1.85435326]
  - [  0.15371739, -0.06222921, -0.98615338,  1.43531736]
  - [ -0.94055982,  0.29666956, -0.16533120,  5.63219717]
  - [  0.00000000,  0.00000000,  0.00000000,  1.00000000]
  camera_model: pinhole
  distortion_coeffs: [ -0.19961400,  0.16420700, -0.00003500,  0.00040600,  0.00000000]
  distortion_model: plumb_bob
  intrinsics: [2174.75669700,2173.42025700,960.91814700,599.51184600]
  resolution: [1900,1200]
