cam0:
  T_cam_body:
  - [ -0.25706267, -0.96512437,  0.04953513,  2.19180438]
  - [  0.12768885, -0.08472906, -0.98818852,  0.35195755]
  - [  0.95792189, -0.24770129,  0.14501630,  0.14993927]
  - [  0.00000000,  0.00000000,  0.00000000,  1.00000000]
  camera_model: pinhole
  distortion_coeffs: [ -0.20016700,  0.16097300,  0.00039200, -0.00092100,  0.00000000]
  distortion_model: plumb_bob
  intrinsics: [2174.55148200,2172.55663800,959.19672800,613.07115500]
  resolution: [1920,1200]
cam1:
  T_cam_body:
  - [  0.22462917, -0.97404460,  0.02790812,  0.10106506]
  - [  0.16024610,  0.00867470, -0.98703897,  0.17150096]
  - [  0.96117788,  0.22618991,  0.15803544, -0.43790620]
  - [  0.00000000,  0.00000000,  0.00000000,  1.00000000]
  camera_model: pinhole
  distortion_coeffs: [ -0.20596600,  0.18770000, -0.00040500, -0.00052700,  0.00000000]
  distortion_model: plumb_bob
  intrinsics: [2175.13780800,2172.98911900,952.79468600,602.94764200]
  resolution: [1900,1200]
cam2:
  T_cam_body:
  - [  0.15790633, -0.98739470, -0.01082989,  0.17051277]
  - [ -0.17731364, -0.01756376, -0.98399766,  2.32120227]
  - [  0.97140386,  0.15729975, -0.17785198,  0.03102609]
  - [  0.00000000,  0.00000000,  0.00000000,  1.00000000]
  camera_model: pinhole
  distortion_coeffs: [ -0.18906700,  0.12491500,  0.00004300,  0.00029600,  0.00000000]
  distortion_model: plumb_bob
  intrinsics: [2168.75828100,2166.97968700,990.68865100,583.91409000]
  resolution: [1900,1200]
cam3:
  T_cam_body:
  - [ -0.22642305, -0.97402374, -0.00321908,  2.21193164]
  - [ -0.17975765,  0.04503443, -0.98267954,  2.20928898]
  - [  0.95729817, -0.22192265, -0.18528505,  0.54091945]
  - [  0.00000000,  0.00000000,  0.00000000,  1.00000000]
  camera_model: pinhole
  distortion_coeffs: [ -0.20373500,  0.17155500,  0.00030800,  0.00170700,  0.00000000]
  distortion_model: plumb_bob
  intrinsics: [2173.86677800,2171.87626100,976.88097600,604.27685400]
  resolution: [1900,1200]
cam4:
  T_cam_body:
  - [  0.22183475,  0.97430831, -0.03889281, -1.36588297]
  - [ -0.16630275, -0.00149793, -0.98607360,  1.18412412]
  - [ -0.96079797,  0.22521337,  0.16169786,  5.35701868]
  - [  0.00000000,  0.00000000,  0.00000000,  1.00000000]
  camera_model: pinhole
  distortion_coeffs: [ -0.19907400,  0.17018000,  0.00010400, -0.00099100,  0.00000000]
  distortion_model: plumb_bob
  intrinsics: [2167.49490200,2165.56980200,940.89474900,612.57647900]
  resolution: [1900,1200]
cam5:
  T_cam_body:
  - [ -0.29457768,  0.95562746,  0.00037615, -0.35458194]
  - [ -0.16945044, -0.05184669, -0.98417400,  1.29017376]
  - [ -0.94048420, -0.28997943,  0.17720437,  5.87952164]
  - [  0.00000000,  0.00000000,  0.00000000,  1.00000000]
  camera_model: pinhole
  distortion_coeffs: [ -0.20440700,  0.17692000, -0.00025400, -0.00018900,  0.00000000]
  distortion_model: plumb_bob
  intrinsics: [2169.53280200,2167.61894400,958.79047800,602.89947900]
  resolution: [1900,1200]
cam6:
  T_cam_body:
  - [ -0.16999010,  0.98509461, -0.02630529, -1.00586531]
  - [  0.18575832,  0.00581678, -0.98257825,  1.16675489]
  - [ -0.96777953, -0.17191500, -0.18397831,  6.26429529]
  - [  0.00000000,  0.00000000,  0.00000000,  1.00000000]
  camera_model: pinhole
  distortion_coeffs: [ -0.19957400,  0.16977500, -0.00008300, -0.00020300,  0.00000000]
  distortion_model: plumb_bob
  intrinsics: [2174.42781900,2172.57924300,956.85045600,596.94859000]
  resolution: [1900,1200]
cam7:
  T_cam_body:
  - [  0.30252622,  0.95304775, -0.01333695, -1.85313487]
  - [  0.15295552, -0.06235450, -0.98626392,  1.43580921]
  - [ -0.94078823,  0.29633073, -0.16463778,  5.63210870]
  - [  0.00000000,  0.00000000,  0.00000000,  1.00000000]
  camera_model: pinhole
  distortion_coeffs: [ -0.19961400,  0.16420700, -0.00003500,  0.00040600,  0.00000000]
  distortion_model: plumb_bob
  intrinsics: [2174.75669700,2173.42025700,960.91814700,599.51184600]
  resolution: [1900,1200]
