cam0:
  T_cam_body:
  - [ -0.25681002, -0.96519810,  0.04940888,  2.19064950]
  - [  0.12800843, -0.08464320, -0.98815453,  0.35114878]
  - [  0.95794700, -0.24744323,  0.14529072,  0.15163933]
  - [  0.00000000,  0.00000000,  0.00000000,  1.00000000]
  camera_model: pinhole
  distortion_coeffs: [ -0.20016700,  0.16097300,  0.00039200, -0.00092100,  0.00000000]
  distortion_model: plumb_bob
  intrinsics: [2174.55148200,2172.55663800,959.19672800,613.07115500]
  resolution: [1920,1200]
cam1:
  T_cam_body:
  - [  0.22493417, -0.97398027,  0.02769583,  0.10134513]
  - [  0.16068935,  0.00904510, -0.98696359,  0.17117632]
  - [  0.96103255,  0.22645226,  0.15854281, -0.43741601]
  - [  0.00000000,  0.00000000,  0.00000000,  1.00000000]
  camera_model: pinhole
  distortion_coeffs: [ -0.20596600,  0.18770000, -0.00040500, -0.00052700,  0.00000000]
  distortion_model: plumb_bob
  intrinsics: [2175.13780800,2172.98911900,952.79468600,602.94764200]
  resolution: [1900,1200]
cam2:
  T_cam_body:
  - [  0.15786748, -0.98739875, -0.01102594,  0.17099882]
  - [ -0.17700840, -0.01731187, -0.98405707,  2.32114775]
  - [  0.97146584,  0.15730230, -0.17751086,  0.03053206]
  - [  0.00000000,  0.00000000,  0.00000000,  1.00000000]
  camera_model: pinhole
  distortion_coeffs: [ -0.18906700,  0.12491500,  0.00004300,  0.00029600,  0.00000000]
  distortion_model: plumb_bob
  intrinsics: [2168.75828100,2166.97968700,990.68865100,583.91409000]
  resolution: [1900,1200]
cam3:
  T_cam_body:
  - [ -0.22584577, -0.97415835, -0.00303313,  2.20855360]
  - [ -0.17976800,  0.04473654, -0.98269126,  2.21071926]
  - [  0.95743258, -0.22139141, -0.18522606,  0.54314215]
  - [  0.00000000,  0.00000000,  0.00000000,  1.00000000]
  camera_model: pinhole
  distortion_coeffs: [ -0.20373500,  0.17155500,  0.00030800,  0.00170700,  0.00000000]
  distortion_model: plumb_bob
  intrinsics: [2173.86677800,2171.87626100,976.88097600,604.27685400]
  resolution: [1900,1200]
cam4:
  T_cam_body:
  - [  0.22154513,  0.97437276, -0.03892909, -1.36350279]
  - [ -0.16624433, -0.00159764, -0.98608330,  1.18352079]
  - [ -0.96087490,  0.22493369,  0.16163000,  5.35747762]
  - [  0.00000000,  0.00000000,  0.00000000,  1.00000000]
  camera_model: pinhole
  distortion_coeffs: [ -0.19907400,  0.17018000,  0.00010400, -0.00099100,  0.00000000]
  distortion_model: plumb_bob
  intrinsics: [2167.49490200,2165.56980200,940.89474900,612.57647900]
  resolution: [1900,1200]
cam5:
  T_cam_body:
  - [ -0.29450184,  0.95565085,  0.00034718, -0.35622589]
  - [ -0.16932307, -0.05182255, -0.98419720,  1.28965679]
  - [ -0.94053089, -0.28990667,  0.17707557,  5.87956185]
  - [  0.00000000,  0.00000000,  0.00000000,  1.00000000]
  camera_model: pinhole
  distortion_coeffs: [ -0.20440700,  0.17692000, -0.00025400, -0.00018900,  0.00000000]
  distortion_model: plumb_bob
  intrinsics: [2169.53280200,2167.61894400,958.79047800,602.89947900]
  resolution: [1900,1200]
cam6:
  T_cam_body:
  - [ -0.17007815,  0.98507594, -0.02643523, -1.00523557]
  - [  0.18555472,  0.00566767, -0.98261759,  1.16729334]
  - [ -0.96780311, -0.17202696, -0.18374944,  6.26378125]
  - [  0.00000000,  0.00000000,  0.00000000,  1.00000000]
  camera_model: pinhole
  distortion_coeffs: [ -0.19957400,  0.16977500, -0.00008300, -0.00020300,  0.00000000]
  distortion_model: plumb_bob
  intrinsics: [2174.42781900,2172.57924300,956.85045600,596.94859000]
  resolution: [1900,1200]
cam7:
  T_cam_body:
  - [  0.30248715,  0.95305774, -0.01350817, -1.85233663]
  - [  0.15291568, -0.06251206, -0.98626013,  1.43673914]
  - [ -0.94080727,  0.29626541, -0.16464657,  5.63211162]
  - [  0.00000000,  0.00000000,  0.00000000,  1.00000000]
  camera_model: pinhole
  distortion_coeffs: [ -0.19961400,  0.16420700, -0.00003500,  0.00040600,  0.00000000]
  distortion_model: plumb_bob
  intrinsics: [2174.75669700,2173.42025700,960.91814700,599.51184600]
  resolution: [1900,1200]
