cam0:
  T_cam_body:
  - [ -0.25677905, -0.96519582,  0.04961395,  2.19052823]
  - [  0.12773988, -0.08477898, -0.98817764,  0.35146067]
  - [  0.95799115, -0.24740564,  0.14506347,  0.15222835]
  - [  0.00000000,  0.00000000,  0.00000000,  1.00000000]
  camera_model: pinhole
  distortion_coeffs: [ -0.20016700,  0.16097300,  0.00039200, -0.00092100,  0.00000000]
  distortion_model: plumb_bob
  intrinsics: [2174.55148200,2172.55663800,959.19672800,613.07115500]
  resolution: [1920,1200]
cam1:
  T_cam_body:
  - [  0.22463235, -0.97403778,  0.02811953,  0.10179763]
  - [  0.16055215,  0.00853304, -0.98699047,  0.17119276]
  - [  0.96112607,  0.22622464,  0.15830065, -0.43636119]
  - [  0.00000000,  0.00000000,  0.00000000,  1.00000000]
  camera_model: pinhole
  distortion_coeffs: [ -0.20596600,  0.18770000, -0.00040500, -0.00052700,  0.00000000]
  distortion_model: plumb_bob
  intrinsics: [2175.13780800,2172.98911900,952.79468600,602.94764200]
  resolution: [1900,1200]
cam2:
  T_cam_body:
  - [  0.15806433, -0.98736791, -0.01096745,  0.17138458]
  - [ -0.17722456, -0.01744105, -0.98401589,  2.32122928]
  - [  0.97139442,  0.15748152, -0.17774265,  0.03276358]
  - [  0.00000000,  0.00000000,  0.00000000,  1.00000000]
  camera_model: pinhole
  distortion_coeffs: [ -0.18906700,  0.12491500,  0.00004300,  0.00029600,  0.00000000]
  distortion_model: plumb_bob
  intrinsics: [2168.75828100,2166.97968700,990.68865100,583.91409000]
  resolution: [1900,1200]
cam3:
  T_cam_body:
  - [ -0.22610527, -0.97409785, -0.00312856,  2.20922056]
  - [ -0.17976687,  0.04488320, -0.98268478,  2.20958739]
  - [  0.95737155, -0.22162780, -0.18525885,  0.54451869]
  - [  0.00000000,  0.00000000,  0.00000000,  1.00000000]
  camera_model: pinhole
  distortion_coeffs: [ -0.20373500,  0.17155500,  0.00030800,  0.00170700,  0.00000000]
  distortion_model: plumb_bob
  intrinsics: [2173.86677800,2171.87626100,976.88097600,604.27685400]
  resolution: [1900,1200]
cam4:
  T_cam_body:
  - [  0.22222913,  0.97422079, -0.03883388, -1.36778212]
  - [ -0.16621888, -0.00139079, -0.98608790,  1.18318627]
  - [ -0.96072134,  0.22559238,  0.16162481,  5.35782586]
  - [  0.00000000,  0.00000000,  0.00000000,  1.00000000]
  camera_model: pinhole
  distortion_coeffs: [ -0.19907400,  0.17018000,  0.00010400, -0.00099100,  0.00000000]
  distortion_model: plumb_bob
  intrinsics: [2167.49490200,2165.56980200,940.89474900,612.57647900]
  resolution: [1900,1200]
cam5:
  T_cam_body:
  - [ -0.29521296,  0.95543139,  0.00041379, -0.35167670]
  - [ -0.16941226, -0.05191943, -0.98417674,  1.29013937]
  - [ -0.94029187, -0.29061183,  0.17718908,  5.88049140]
  - [  0.00000000,  0.00000000,  0.00000000,  1.00000000]
  camera_model: pinhole
  distortion_coeffs: [ -0.20440700,  0.17692000, -0.00025400, -0.00018900,  0.00000000]
  distortion_model: plumb_bob
  intrinsics: [2169.53280200,2167.61894400,958.79047800,602.89947900]
  resolution: [1900,1200]
cam6:
  T_cam_body:
  - [ -0.16991155,  0.98511088, -0.02620357, -1.00654766]
  - [  0.18559282,  0.00587395, -0.98260918,  1.16661614]
  - [ -0.96782507, -0.17181984, -0.18382756,  6.26436494]
  - [  0.00000000,  0.00000000,  0.00000000,  1.00000000]
  camera_model: pinhole
  distortion_coeffs: [ -0.19957400,  0.16977500, -0.00008300, -0.00020300,  0.00000000]
  distortion_model: plumb_bob
  intrinsics: [2174.42781900,2172.57924300,956.85045600,596.94859000]
  resolution: [1900,1200]
cam7:
  T_cam_body:
  - [  0.30256020,  0.95303641, -0.01337628, -1.85408712]
  - [  0.15300029, -0.06241545, -0.98625312,  1.43582076]
  - [ -0.94077002,  0.29635437, -0.16469928,  5.63284388]
  - [  0.00000000,  0.00000000,  0.00000000,  1.00000000]
  camera_model: pinhole
  distortion_coeffs: [ -0.19961400,  0.16420700, -0.00003500,  0.00040600,  0.00000000]
  distortion_model: plumb_bob
  intrinsics: [2174.75669700,2173.42025700,960.91814700,599.51184600]
  resolution: [1900,1200]
