cam0:
  T_cam_body:
  - [ -0.25768068, -0.96494492,  0.04981938,  2.19048355]
  - [  0.12698864, -0.08493446, -0.98826111,  0.35265698]
  - [  0.95784892, -0.24832930,  0.14442301,  0.15341066]
  - [  0.00000000,  0.00000000,  0.00000000,  1.00000000]
  camera_model: pinhole
  distortion_coeffs: [ -0.20016700,  0.16097300,  0.00039200, -0.00092100,  0.00000000]
  distortion_model: plumb_bob
  intrinsics: [2174.55148200,2172.55663800,959.19672800,613.07115500]
  resolution: [1920,1200]
cam1:
  T_cam_body:
  - [  0.22511508, -0.97393960,  0.02765608,  0.10115252]
  - [  0.16021146,  0.00900294, -0.98704166,  0.17146309]
  - [  0.96106997,  0.22662879,  0.15806299, -0.43681436]
  - [  0.00000000,  0.00000000,  0.00000000,  1.00000000]
  camera_model: pinhole
  distortion_coeffs: [ -0.20596600,  0.18770000, -0.00040500, -0.00052700,  0.00000000]
  distortion_model: plumb_bob
  intrinsics: [2175.13780800,2172.98911900,952.79468600,602.94764200]
  resolution: [1900,1200]
cam2:
  T_cam_body:
  - [  0.15809158, -0.98736399, -0.01092691,  0.17081549]
  - [ -0.17756860, -0.01754221, -0.98395206,  2.32138283]
  - [  0.97132715,  0.15749482, -0.17809812,  0.03238084]
  - [  0.00000000,  0.00000000,  0.00000000,  1.00000000]
  camera_model: pinhole
  distortion_coeffs: [ -0.18906700,  0.12491500,  0.00004300,  0.00029600,  0.00000000]
  distortion_model: plumb_bob
  intrinsics: [2168.75828100,2166.97968700,990.68865100,583.91409000]
  resolution: [1900,1200]
cam3:
  T_cam_body:
  - [ -0.22651925, -0.97400055, -0.00345816,  2.21241981]
  - [ -0.18004652,  0.04536140, -0.98261162,  2.20889688]
  - [  0.95722112, -0.22195782, -0.18564064,  0.54313249]
  - [  0.00000000,  0.00000000,  0.00000000,  1.00000000]
  camera_model: pinhole
  distortion_coeffs: [ -0.20373500,  0.17155500,  0.00030800,  0.00170700,  0.00000000]
  distortion_model: plumb_bob
  intrinsics: [2173.86677800,2171.87626100,976.88097600,604.27685400]
  resolution: [1900,1200]
cam4:
  T_cam_body:
  - [  0.22297843,  0.97405340, -0.03873739, -1.37294117]
  - [ -0.16594889, -0.00122911, -0.98613359,  1.18161850]
  - [ -0.96059439,  0.22631495,  0.16136902,  5.35743974]
  - [  0.00000000,  0.00000000,  0.00000000,  1.00000000]
  camera_model: pinhole
  distortion_coeffs: [ -0.19907400,  0.17018000,  0.00010400, -0.00099100,  0.00000000]
  distortion_model: plumb_bob
  intrinsics: [2167.49490200,2165.56980200,940.89474900,612.57647900]
  resolution: [1900,1200]
cam5:
  T_cam_body:
  - [ -0.29560537,  0.95531002,  0.00048632, -0.34720868]
  - [ -0.16937065, -0.05190801, -0.98418451,  1.28997058]
  - [ -0.94017607, -0.29101259,  0.17714577,  5.88121506]
  - [  0.00000000,  0.00000000,  0.00000000,  1.00000000]
  camera_model: pinhole
  distortion_coeffs: [ -0.20440700,  0.17692000, -0.00025400, -0.00018900,  0.00000000]
  distortion_model: plumb_bob
  intrinsics: [2169.53280200,2167.61894400,958.79047800,602.89947900]
  resolution: [1900,1200]
cam6:
  T_cam_body:
  - [ -0.16981051,  0.98512738, -0.02623791, -1.00665970]
  - [  0.18565372,  0.00583137, -0.98259793,  1.16592688]
  - [ -0.96783113, -0.17172662, -0.18388279,  6.26491703]
  - [  0.00000000,  0.00000000,  0.00000000,  1.00000000]
  camera_model: pinhole
  distortion_coeffs: [ -0.19957400,  0.16977500, -0.00008300, -0.00020300,  0.00000000]
  distortion_model: plumb_bob
  intrinsics: [2174.42781900,2172.57924300,956.85045600,596.94859000]
  resolution: [1900,1200]
cam7:
  T_cam_body:
  - [  0.30258043,  0.95303115, -0.01329298, -1.85404722]
  - [  0.15317501, -0.06238796, -0.98622774,  1.43529724]
  - [ -0.94073508,  0.29637706, -0.16485794,  5.63358595]
  - [  0.00000000,  0.00000000,  0.00000000,  1.00000000]
  camera_model: pinhole
  distortion_coeffs: [ -0.19961400,  0.16420700, -0.00003500,  0.00040600,  0.00000000]
  distortion_model: plumb_bob
  intrinsics: [2174.75669700,2173.42025700,960.91814700,599.51184600]
  resolution: [1900,1200]
