cam0:
  T_cam_body:
  - [ -0.25719209, -0.96507455,  0.04983312,  2.18973533]
  - [  0.12663633, -0.08478195, -0.98831941,  0.35359280]
  - [  0.95802686, -0.24787725,  0.14401875,  0.15461346]
  - [  0.00000000,  0.00000000,  0.00000000,  1.00000000]
  camera_model: pinhole
  distortion_coeffs: [ -0.20016700,  0.16097300,  0.00039200, -0.00092100,  0.00000000]
  distortion_model: plumb_bob
  intrinsics: [2174.55148200,2172.55663800,959.19672800,613.07115500]
  resolution: [1920,1200]
cam1:
  T_cam_body:
  - [  0.22521452, -0.97391511,  0.02770864,  0.10109988]
  - [  0.16008892,  0.00893733, -0.98706214,  0.17236623]
  - [  0.96106709,  0.22673657,  0.15792583, -0.43552987]
  - [  0.00000000,  0.00000000,  0.00000000,  1.00000000]
  camera_model: pinhole
  distortion_coeffs: [ -0.20596600,  0.18770000, -0.00040500, -0.00052700,  0.00000000]
  distortion_model: plumb_bob
  intrinsics: [2175.13780800,2172.98911900,952.79468600,602.94764200]
  resolution: [1900,1200]
cam2:
  T_cam_body:
  - [  0.15832855, -0.98732705, -0.01083323,  0.17030790]
  - [ -0.17798098, -0.01774583, -0.98387390,  2.32269599]
  - [  0.97121308,  0.15770344, -0.17853510,  0.03518492]
  - [  0.00000000,  0.00000000,  0.00000000,  1.00000000]
  camera_model: pinhole
  distortion_coeffs: [ -0.18906700,  0.12491500,  0.00004300,  0.00029600,  0.00000000]
  distortion_model: plumb_bob
  intrinsics: [2168.75828100,2166.97968700,990.68865100,583.91409000]
  resolution: [1900,1200]
cam3:
  T_cam_body:
  - [ -0.22589470, -0.97414562, -0.00344999,  2.20920553]
  - [ -0.18056173,  0.04535012, -0.98251760,  2.21037406]
  - [  0.95727167, -0.22132258, -0.18613777,  0.54662764]
  - [  0.00000000,  0.00000000,  0.00000000,  1.00000000]
  camera_model: pinhole
  distortion_coeffs: [ -0.20373500,  0.17155500,  0.00030800,  0.00170700,  0.00000000]
  distortion_model: plumb_bob
  intrinsics: [2173.86677800,2171.87626100,976.88097600,604.27685400]
  resolution: [1900,1200]
cam4:
  T_cam_body:
  - [  0.22380334,  0.97385803, -0.03889218, -1.37409726]
  - [ -0.16456145, -0.00157365, -0.98636558,  1.18112553]
  - [ -0.96064124,  0.22715206,  0.15990730,  5.36001662]
  - [  0.00000000,  0.00000000,  0.00000000,  1.00000000]
  camera_model: pinhole
  distortion_coeffs: [ -0.19907400,  0.17018000,  0.00010400, -0.00099100,  0.00000000]
  distortion_model: plumb_bob
  intrinsics: [2167.49490200,2165.56980200,940.89474900,612.57647900]
  resolution: [1900,1200]
cam5:
  T_cam_body:
  - [ -0.29552494,  0.95533493,  0.00042886, -0.34547591]
  - [ -0.16877257, -0.05176654, -0.98429470,  1.28988827]
  - [ -0.94030890, -0.29095601,  0.17653263,  5.88227752]
  - [  0.00000000,  0.00000000,  0.00000000,  1.00000000]
  camera_model: pinhole
  distortion_coeffs: [ -0.20440700,  0.17692000, -0.00025400, -0.00018900,  0.00000000]
  distortion_model: plumb_bob
  intrinsics: [2169.53280200,2167.61894400,958.79047800,602.89947900]
  resolution: [1900,1200]
cam6:
  T_cam_body:
  - [ -0.16964284,  0.98515244, -0.02638122, -1.00671835]
  - [  0.18595464,  0.00571000, -0.98254174,  1.16505396]
  - [ -0.96780276, -0.17158688, -0.18416233,  6.26560045]
  - [  0.00000000,  0.00000000,  0.00000000,  1.00000000]
  camera_model: pinhole
  distortion_coeffs: [ -0.19957400,  0.16977500, -0.00008300, -0.00020300,  0.00000000]
  distortion_model: plumb_bob
  intrinsics: [2174.42781900,2172.57924300,956.85045600,596.94859000]
  resolution: [1900,1200]
cam7:
  T_cam_body:
  - [  0.30254998,  0.95304377, -0.01307943, -1.85408690]
  - [  0.15428568, -0.06251136, -0.98604678,  1.43453512]
  - [ -0.94056336,  0.29631047, -0.16595382,  5.63526215]
  - [  0.00000000,  0.00000000,  0.00000000,  1.00000000]
  camera_model: pinhole
  distortion_coeffs: [ -0.19961400,  0.16420700, -0.00003500,  0.00040600,  0.00000000]
  distortion_model: plumb_bob
  intrinsics: [2174.75669700,2173.42025700,960.91814700,599.51184600]
  resolution: [1900,1200]
