cam0:
  T_cam_body:
  - [ -0.25554398, -0.96551210,  0.04983635,  2.19157739]
  - [  0.12709725, -0.08465019, -0.98827154,  0.35369561]
  - [  0.95840678, -0.24621278,  0.14434578,  0.14968629]
  - [  0.00000000,  0.00000000,  0.00000000,  1.00000000]
  camera_model: pinhole
  distortion_coeffs: [ -0.20016700,  0.16097300,  0.00039200, -0.00092100,  0.00000000]
  distortion_model: plumb_bob
  intrinsics: [2174.55148200,2172.55663800,959.19672800,613.07115500]
  resolution: [1920,1200]
cam1:
  T_cam_body:
  - [  0.22356952, -0.97427445,  0.02838969,  0.10247147]
  - [  0.15994228,  0.00793915, -0.98709444,  0.17346918]
  - [  0.96147550,  0.22522494,  0.15760263, -0.43512482]
  - [  0.00000000,  0.00000000,  0.00000000,  1.00000000]
  camera_model: pinhole
  distortion_coeffs: [ -0.20596600,  0.18770000, -0.00040500, -0.00052700,  0.00000000]
  distortion_model: plumb_bob
  intrinsics: [2175.13780800,2172.98911900,952.79468600,602.94764200]
  resolution: [1900,1200]
cam2:
  T_cam_body:
  - [  0.15830460, -0.98733017, -0.01089932,  0.16888651]
  - [ -0.17863270, -0.01778141, -0.98375514,  2.32922309]
  - [  0.97109732,  0.15767994, -0.17918434,  0.03724251]
  - [  0.00000000,  0.00000000,  0.00000000,  1.00000000]
  camera_model: pinhole
  distortion_coeffs: [ -0.18906700,  0.12491500,  0.00004300,  0.00029600,  0.00000000]
  distortion_model: plumb_bob
  intrinsics: [2168.75828100,2166.97968700,990.68865100,583.91409000]
  resolution: [1900,1200]
cam3:
  T_cam_body:
  - [ -0.22629811, -0.97405437, -0.00269105,  2.20956984]
  - [ -0.18047382,  0.04464332, -0.98256612,  2.21179231]
  - [  0.95719296, -0.22186719, -0.18589401,  0.54434290]
  - [  0.00000000,  0.00000000,  0.00000000,  1.00000000]
  camera_model: pinhole
  distortion_coeffs: [ -0.20373500,  0.17155500,  0.00030800,  0.00170700,  0.00000000]
  distortion_model: plumb_bob
  intrinsics: [2173.86677800,2171.87626100,976.88097600,604.27685400]
  resolution: [1900,1200]
cam4:
  T_cam_body:
  - [  0.22212716,  0.97424180, -0.03889007, -1.36446335]
  - [ -0.16520172, -0.00170375, -0.98625833,  1.18339454]
  - [ -0.96092035,  0.22549947,  0.16056798,  5.35906945]
  - [  0.00000000,  0.00000000,  0.00000000,  1.00000000]
  camera_model: pinhole
  distortion_coeffs: [ -0.19907400,  0.17018000,  0.00010400, -0.00099100,  0.00000000]
  distortion_model: plumb_bob
  intrinsics: [2167.49490200,2165.56980200,940.89474900,612.57647900]
  resolution: [1900,1200]
cam5:
  T_cam_body:
  - [ -0.29443322,  0.95567201,  0.00030485, -0.35440742]
  - [ -0.16867288, -0.05165248, -0.98431777,  1.28996739]
  - [ -0.94066920, -0.28986727,  0.17640416,  5.88008718]
  - [  0.00000000,  0.00000000,  0.00000000,  1.00000000]
  camera_model: pinhole
  distortion_coeffs: [ -0.20440700,  0.17692000, -0.00025400, -0.00018900,  0.00000000]
  distortion_model: plumb_bob
  intrinsics: [2169.53280200,2167.61894400,958.79047800,602.89947900]
  resolution: [1900,1200]
cam6:
  T_cam_body:
  - [ -0.16993776,  0.98510488, -0.02625889, -1.00538852]
  - [  0.18599443,  0.00589506, -0.98253311,  1.16530767]
  - [ -0.96774337, -0.17185348, -0.18422581,  6.26404536]
  - [  0.00000000,  0.00000000,  0.00000000,  1.00000000]
  camera_model: pinhole
  distortion_coeffs: [ -0.19957400,  0.16977500, -0.00008300, -0.00020300,  0.00000000]
  distortion_model: plumb_bob
  intrinsics: [2174.42781900,2172.57924300,956.85045600,596.94859000]
  resolution: [1900,1200]
cam7:
  T_cam_body:
  - [  0.30256847,  0.95303565, -0.01324299, -1.85333248]
  - [  0.15352708, -0.06244498, -0.98616939,  1.43642045]
  - [ -0.94068154,  0.29635060, -0.16521066,  5.63231260]
  - [  0.00000000,  0.00000000,  0.00000000,  1.00000000]
  camera_model: pinhole
  distortion_coeffs: [ -0.19961400,  0.16420700, -0.00003500,  0.00040600,  0.00000000]
  distortion_model: plumb_bob
  intrinsics: [2174.75669700,2173.42025700,960.91814700,599.51184600]
  resolution: [1900,1200]
