cam0:
  T_cam_body:
  - [ -0.25776657, -0.96489982,  0.05024679,  2.19049355]
  - [  0.12676267, -0.08532687, -0.98825632,  0.35386577]
  - [  0.95785574, -0.24837002,  0.14430769,  0.15343041]
  - [  0.00000000,  0.00000000,  0.00000000,  1.00000000]
  camera_model: pinhole
  distortion_coeffs: [ -0.20016700,  0.16097300,  0.00039200, -0.00092100,  0.00000000]
  distortion_model: plumb_bob
  intrinsics: [2174.55148200,2172.55663800,959.19672800,613.07115500]
  resolution: [1920,1200]
cam1:
  T_cam_body:
  - [  0.22510131, -0.97393028,  0.02809278,  0.10114313]
  - [  0.16001502,  0.00851173, -0.98707788,  0.17264050]
  - [  0.96110592,  0.22668779,  0.15775948, -0.43654070]
  - [  0.00000000,  0.00000000,  0.00000000,  1.00000000]
  camera_model: pinhole
  distortion_coeffs: [ -0.20596600,  0.18770000, -0.00040500, -0.00052700,  0.00000000]
  distortion_model: plumb_bob
  intrinsics: [2175.13780800,2172.98911900,952.79468600,602.94764200]
  resolution: [1900,1200]
cam2:
  T_cam_body:
  - [  0.15860356, -0.98728783, -0.01037557,  0.16702506]
  - [ -0.17886000, -0.01839520, -0.98370256,  2.32835329]
  - [  0.97100670,  0.15787450, -0.17950384,  0.03738394]
  - [  0.00000000,  0.00000000,  0.00000000,  1.00000000]
  camera_model: pinhole
  distortion_coeffs: [ -0.18906700,  0.12491500,  0.00004300,  0.00029600,  0.00000000]
  distortion_model: plumb_bob
  intrinsics: [2168.75828100,2166.97968700,990.68865100,583.91409000]
  resolution: [1900,1200]
cam3:
  T_cam_body:
  - [ -0.22637132, -0.97403750, -0.00263950,  2.21026931]
  - [ -0.18028691,  0.04456232, -0.98260411,  2.21090148]
  - [  0.95721087, -0.22195752, -0.18569384,  0.54351081]
  - [  0.00000000,  0.00000000,  0.00000000,  1.00000000]
  camera_model: pinhole
  distortion_coeffs: [ -0.20373500,  0.17155500,  0.00030800,  0.00170700,  0.00000000]
  distortion_model: plumb_bob
  intrinsics: [2173.86677800,2171.87626100,976.88097600,604.27685400]
  resolution: [1900,1200]
cam4:
  T_cam_body:
  - [  0.22305990,  0.97403427, -0.03874936, -1.37311165]
  - [ -0.16586897, -0.00124621, -0.98614701,  1.18141190]
  - [ -0.96058928,  0.22639717,  0.16128409,  5.35695434]
  - [  0.00000000,  0.00000000,  0.00000000,  1.00000000]
  camera_model: pinhole
  distortion_coeffs: [ -0.19907400,  0.17018000,  0.00010400, -0.00099100,  0.00000000]
  distortion_model: plumb_bob
  intrinsics: [2167.49490200,2165.56980200,940.89474900,612.57647900]
  resolution: [1900,1200]
cam5:
  T_cam_body:
  - [ -0.29542569,  0.95536558,  0.00051554, -0.34672095]
  - [ -0.16863131, -0.05161434, -0.98432690,  1.28961632]
  - [ -0.94036543, -0.29088239,  0.17635275,  5.88151473]
  - [  0.00000000,  0.00000000,  0.00000000,  1.00000000]
  camera_model: pinhole
  distortion_coeffs: [ -0.20440700,  0.17692000, -0.00025400, -0.00018900,  0.00000000]
  distortion_model: plumb_bob
  intrinsics: [2169.53280200,2167.61894400,958.79047800,602.89947900]
  resolution: [1900,1200]
cam6:
  T_cam_body:
  - [ -0.16966670,  0.98515175, -0.02625320, -1.00658684]
  - [  0.18596077,  0.00584330, -0.98253979,  1.16528921]
  - [ -0.96779740, -0.17158635, -0.18419100,  6.26464305]
  - [  0.00000000,  0.00000000,  0.00000000,  1.00000000]
  camera_model: pinhole
  distortion_coeffs: [ -0.19957400,  0.16977500, -0.00008300, -0.00020300,  0.00000000]
  distortion_model: plumb_bob
  intrinsics: [2174.42781900,2172.57924300,956.85045600,596.94859000]
  resolution: [1900,1200]
cam7:
  T_cam_body:
  - [  0.30270489,  0.95299201, -0.01326554, -1.85386203]
  - [  0.15314498, -0.06237267, -0.98623337,  1.43496911]
  - [ -0.94069993,  0.29650611, -0.16482646,  5.63312902]
  - [  0.00000000,  0.00000000,  0.00000000,  1.00000000]
  camera_model: pinhole
  distortion_coeffs: [ -0.19961400,  0.16420700, -0.00003500,  0.00040600,  0.00000000]
  distortion_model: plumb_bob
  intrinsics: [2174.75669700,2173.42025700,960.91814700,599.51184600]
  resolution: [1900,1200]
