cam0:
  T_cam_body:
  - [ -0.25712615, -0.96509123,  0.04985034,  2.19138402]
  - [  0.12666677, -0.08479731, -0.98831419,  0.35390338]
  - [  0.95804054, -0.24780704,  0.14404860,  0.15120870]
  - [  0.00000000,  0.00000000,  0.00000000,  1.00000000]
  camera_model: pinhole
  distortion_coeffs: [ -0.20016700,  0.16097300,  0.00039200, -0.00092100,  0.00000000]
  distortion_model: plumb_bob
  intrinsics: [2174.55148200,2172.55663800,959.19672800,613.07115500]
  resolution: [1920,1200]
cam1:
  T_cam_body:
  - [  0.22486962, -0.97399368,  0.02774836,  0.10085546]
  - [  0.15999113,  0.00881661, -0.98707908,  0.17284175]
  - [  0.96116413,  0.22640359,  0.15781294, -0.43702967]
  - [  0.00000000,  0.00000000,  0.00000000,  1.00000000]
  camera_model: pinhole
  distortion_coeffs: [ -0.20596600,  0.18770000, -0.00040500, -0.00052700,  0.00000000]
  distortion_model: plumb_bob
  intrinsics: [2175.13780800,2172.98911900,952.79468600,602.94764200]
  resolution: [1900,1200]
cam2:
  T_cam_body:
  - [  0.15818443, -0.98734881, -0.01095484,  0.17054012]
  - [ -0.17787509, -0.01758107, -0.98389601,  2.32242607]
  - [  0.97125596,  0.15758563, -0.17840581,  0.03282276]
  - [  0.00000000,  0.00000000,  0.00000000,  1.00000000]
  camera_model: pinhole
  distortion_coeffs: [ -0.18906700,  0.12491500,  0.00004300,  0.00029600,  0.00000000]
  distortion_model: plumb_bob
  intrinsics: [2168.75828100,2166.97968700,990.68865100,583.91409000]
  resolution: [1900,1200]
cam3:
  T_cam_body:
  - [ -0.22654144, -0.97399410, -0.00380496,  2.21328855]
  - [ -0.18062456,  0.04584962, -0.98248286,  2.20934757]
  - [  0.95710697, -0.22188581, -0.18631410,  0.54377104]
  - [  0.00000000,  0.00000000,  0.00000000,  1.00000000]
  camera_model: pinhole
  distortion_coeffs: [ -0.20373500,  0.17155500,  0.00030800,  0.00170700,  0.00000000]
  distortion_model: plumb_bob
  intrinsics: [2173.86677800,2171.87626100,976.88097600,604.27685400]
  resolution: [1900,1200]
cam4:
  T_cam_body:
  - [  0.22330070,  0.97397601, -0.03882695, -1.37181129]
  - [ -0.16477255, -0.00154252, -0.98633038,  1.18126069]
  - [ -0.96072202,  0.22664588,  0.16014007,  5.35906272]
  - [  0.00000000,  0.00000000,  0.00000000,  1.00000000]
  camera_model: pinhole
  distortion_coeffs: [ -0.19907400,  0.17018000,  0.00010400, -0.00099100,  0.00000000]
  distortion_model: plumb_bob
  intrinsics: [2167.49490200,2165.56980200,940.89474900,612.57647900]
  resolution: [1900,1200]
cam5:
  T_cam_body:
  - [ -0.29528593,  0.95540884,  0.00040427, -0.34737156]
  - [ -0.16871164, -0.05172681, -0.98430723,  1.28992946]
  - [ -0.94039492, -0.29072028,  0.17646279,  5.88128636]
  - [  0.00000000,  0.00000000,  0.00000000,  1.00000000]
  camera_model: pinhole
  distortion_coeffs: [ -0.20440700,  0.17692000, -0.00025400, -0.00018900,  0.00000000]
  distortion_model: plumb_bob
  intrinsics: [2169.53280200,2167.61894400,958.79047800,602.89947900]
  resolution: [1900,1200]
cam6:
  T_cam_body:
  - [ -0.16955180,  0.98516803, -0.02638449, -1.00655771]
  - [  0.18570509,  0.00564524, -0.98258931,  1.16601408]
  - [ -0.96786663, -0.17149952, -0.18390788,  6.26425939]
  - [  0.00000000,  0.00000000,  0.00000000,  1.00000000]
  camera_model: pinhole
  distortion_coeffs: [ -0.19957400,  0.16977500, -0.00008300, -0.00020300,  0.00000000]
  distortion_model: plumb_bob
  intrinsics: [2174.42781900,2172.57924300,956.85045600,596.94859000]
  resolution: [1900,1200]
cam7:
  T_cam_body:
  - [  0.30250689,  0.95305562, -0.01321196, -1.85374987]
  - [  0.15408918, -0.06257872, -0.98607324,  1.43490504]
  - [ -0.94060943,  0.29625813, -0.16578606,  5.63436506]
  - [  0.00000000,  0.00000000,  0.00000000,  1.00000000]
  camera_model: pinhole
  distortion_coeffs: [ -0.19961400,  0.16420700, -0.00003500,  0.00040600,  0.00000000]
  distortion_model: plumb_bob
  intrinsics: [2174.75669700,2173.42025700,960.91814700,599.51184600]
  resolution: [1900,1200]
