cam0:
  T_cam_body:
  - - -0.25686997
    - -0.96514134
    - 0.05053074
    - 2.19091211
  - - 0.12339167
    - -0.08453878
    - -0.98874858
    - 0.35369561
  - - 0.95846458
    - -0.24774437
    - 0.14087175
    - 0.15200751
  - - 0.0
    - 0.0
    - 0.0
    - 1.0
  camera_model: pinhole
  distortion_coeffs:
  - -0.200167
  - 0.160973
  - 0.000392
  - -0.000921
  - 0.0
  distortion_model: plumb_bob
  intrinsics:
  - 2174.551482
  - 2172.556638
  - 959.196728
  - 613.071155
  resolution:
  - 1920
  - 1200
cam1:
  T_cam_body:
  - - 0.22440552
    - -0.97408745
    - 0.02790568
    - 0.10140553
  - - 0.16011023
    - 0.00856503
    - -0.98706167
    - 0.17263667
  - - 0.9612519
    - 0.22600387
    - 0.15790941
    - -0.43636119
  - - 0.0
    - 0.0
    - 0.0
    - 1.0
  camera_model: pinhole
  distortion_coeffs:
  - -0.205966
  - 0.1877
  - -0.000405
  - -0.000527
  - 0.0
  distortion_model: plumb_bob
  intrinsics:
  - 2175.137808
  - 2172.989119
  - 952.794686
  - 602.947642
  resolution:
  - 1900
  - 1200
cam2:
  T_cam_body:
  - - 0.15791876
    - -0.98739013
    - -0.01104933
    - 0.17081028
  - - -0.17749388
    - -0.0174375
    - -0.98397509
    - 2.32230238
  - - 0.97135439
    - 0.157371
    - -0.17794848
    - 0.03321636
  - - 0.0
    - 0.0
    - 0.0
    - 1.0
  camera_model: pinhole
  distortion_coeffs:
  - -0.189067
  - 0.124915
  - 4.3e-05
  - 0.000296
  - 0.0
  distortion_model: plumb_bob
  intrinsics:
  - 2168.758281
  - 2166.979687
  - 990.688651
  - 583.91409
  resolution:
  - 1900
  - 1200
cam3:
  T_cam_body:
  - - -0.2262722
    - -0.9740565
    - -0.00338359
    - 2.21134901
  - - -0.18026434
    - 0.04524615
    - -0.9825712
    - 2.20993697
  - - 0.95725272
    - -0.22173421
    - -0.18585346
    - 0.54280946
  - - 0.0
    - 0.0
    - 0.0
    - 1.0
  camera_model: pinhole
  distortion_coeffs:
  - -0.203735
  - 0.171555
  - 0.000308
  - 0.001707
  - 0.0
  distortion_model: plumb_bob
  intrinsics:
  - 2173.866778
  - 2171.876261
  - 976.880976
  - 604.276854
  resolution:
  - 1900
  - 1200
cam4:
  T_cam_body:
  - - 0.2217309
    - 0.97436761
    - -0.03801504
    - -1.36369051
  - - -0.13478296
    - -0.00790817
    - -0.99084375
    - 1.00565422
  - - -0.96577315
    - 0.22484974
    - 0.12959478
    - 5.39225606
  - - 0.0
    - 0.0
    - 0.0
    - 1.0
  camera_model: pinhole
  distortion_coeffs:
  - -0.199074
  - 0.17018
  - 0.000104
  - -0.000991
  - 0.0
  distortion_model: plumb_bob
  intrinsics:
  - 2167.494902
  - 2165.569802
  - 940.894749
  - 612.576479
  resolution:
  - 1900
  - 1200
cam5:
  T_cam_body:
  - - -0.29541763
    - 0.95536815
    - 0.00037615
    - -0.34647062
  - - -0.16837009
    - -0.05168065
    - -0.98436969
    - 1.28767092
  - - -0.94041359
    - -0.29087847
    - 0.17611403
    - 5.8818009
  - - 0.0
    - 0.0
    - 0.0
    - 1.0
  camera_model: pinhole
  distortion_coeffs:
  - -0.204407
  - 0.17692
  - -0.000254
  - -0.000189
  - 0.0
  distortion_model: plumb_bob
  intrinsics:
  - 2169.532802
  - 2167.618944
  - 958.790478
  - 602.899479
  resolution:
  - 1900
  - 1200
cam6:
  T_cam_body:
  - - -0.16980475
    - 0.98512675
    - -0.02631624
    - -1.00612946
  - - 0.18598457
    - 0.00581246
    - -0.98253367
    - 1.16410429
  - - -0.96777393
    - -0.17172803
    - -0.18420458
    - 6.26484425
  - - 0.0
    - 0.0
    - 0.0
    - 1.0
  camera_model: pinhole
  distortion_coeffs:
  - -0.199574
  - 0.169775
  - -8.3e-05
  - -0.000203
  - 0.0
  distortion_model: plumb_bob
  intrinsics:
  - 2174.427819
  - 2172.579243
  - 956.850456
  - 596.94859
  resolution:
  - 1900
  - 1200
cam7:
  T_cam_body:
  - - 0.3027743
    - 0.95296989
    - -0.01314367
    - -1.85490259
  - - 0.15384219
    - -0.06253676
    - -0.98611264
    - 1.4333522
  - - -0.94053129
    - 0.29655447
    - -0.16554895
    - 5.63306885
  - - 0.0
    - 0.0
    - 0.0
    - 1.0
  camera_model: pinhole
  distortion_coeffs:
  - -0.199614
  - 0.164207
  - -3.5e-05
  - 0.000406
  - 0.0
  distortion_model: plumb_bob
  intrinsics:
  - 2174.756697
  - 2173.420257
  - 960.918147
  - 599.511846
  resolution:
  - 1900
  - 1200
