cam0:
  T_cam_body:
  - - -0.25305630622421954
    - -0.9660566319240118
    - 0.05193351322400863
    - 2.190784918967675
  - - 0.12233963254440733
    - -0.08520404200207282
    - -0.9888241934415885
    - 0.3555108348673352
  - - 0.9596851151232122
    - -0.24387467097290622
    - 0.13974843351108918
    - 0.12342067092341429
  - - 0.0
    - 0.0
    - 0.0
    - 1.0
  camera_model: pinhole
  distortion_coeffs:
  - -0.198866
  - 0.155338
  - 0.001388
  - -0.000423
  - 0.0
  distortion_model: plumb_bob
  intrinsics:
  - 2165.856
  - 2163.656
  - 949.972
  - 613.13
  resolution:
  - 1920
  - 1200
cam1:
  T_cam_body:
  - - 0.22402337995302998
    - -0.9741508506131573
    - 0.029045575981240468
    - 0.10399680969018132
  - - 0.15934439049596016
    - 0.0072095315015502925
    - -0.9871967321020663
    - 0.16720047841050212
  - - 0.9614691313047398
    - 0.22578339820542564
    - 0.15684057715692992
    - -0.43678560889093987
  - - 0.0
    - 0.0
    - 0.0
    - 1.0
  camera_model: pinhole
  distortion_coeffs:
  - -0.198223
  - 0.159132
  - -0.000497
  - 0.000188
  - 0.0
  distortion_model: plumb_bob
  intrinsics:
  - 2172.675284
  - 2171.410435
  - 950.194529
  - 607.904579
  resolution:
  - 1920
  - 1200
cam2:
  T_cam_body:
  - - 0.15958451929462564
    - -0.9871108997244139
    - -0.012035482822119359
    - 0.18962364928707645
  - - -0.18175999684276334
    - -0.017397160955170687
    - -0.9831890165875627
    - 2.3365040625838054
  - - 0.9703072115310811
    - 0.15908931590763142
    - -0.1821935915854888
    - 0.047508132362074636
  - - 0.0
    - 0.0
    - 0.0
    - 1.0
  camera_model: pinhole
  distortion_coeffs:
  - -0.160887
  - 0.08752
  - -0.0001
  - -0.000319
  - 0.0
  distortion_model: plumb_bob
  intrinsics:
  - 2168.222
  - 2165.46
  - 978.186
  - 587.592
  resolution:
  - 1920
  - 1200
cam3:
  T_cam_body:
  - - -0.21919735166240492
    - -0.9756717550329701
    - -0.004140948571503988
    - 2.2110419502677243
  - - -0.17849529314202645
    - 0.04427310388551331
    - -0.9829442113357627
    - 2.2173993845924187
  - - 0.9592142364197531
    - -0.21471962812753387
    - -0.18385736304658448
    - 0.4907549177475982
  - - 0.0
    - 0.0
    - 0.0
    - 1.0
  camera_model: pinhole
  distortion_coeffs:
  - -0.201938
  - 0.169372
  - 0.000337
  - 0.000505
  - 0.0
  distortion_model: plumb_bob
  intrinsics:
  - 2162.772695
  - 2161.018824
  - 959.400561
  - 596.661584
  resolution:
  - 1920
  - 1200
cam4:
  T_cam_body:
  - - 0.22283642368746234
    - 0.9741604839804653
    - -0.036814124044012686
    - -1.3658753008685591
  - - -0.1383205374655455
    - -0.005786287512684896
    - -0.9903706113329815
    - 1.0255560594058026
  - - -0.9649929311624126
    - 0.2257827945786985
    - 0.13345700610611969
    - 5.378269532550329
  - - 0.0
    - 0.0
    - 0.0
    - 1.0
  camera_model: pinhole
  distortion_coeffs:
  - -0.19899
  - 0.166636
  - 0.000302
  - -0.000387
  - 0.0
  distortion_model: plumb_bob
  intrinsics:
  - 2163.966278
  - 2162.164688
  - 941.521405
  - 603.384351
  resolution:
  - 1920
  - 1200
cam5:
  T_cam_body:
  - - -0.2920519628085832
    - 0.9564012964102313
    - 0.001487025380467355
    - -0.37057826043909764
  - - -0.1730263137658048
    - -0.05130698422332908
    - -0.9835799347864533
    - 1.3130553530064624
  - - -0.9406208299651198
    - -0.28751374505358057
    - 0.18046689624691148
    - 5.858370047858218
  - - 0.0
    - 0.0
    - 0.0
    - 1.0
  camera_model: pinhole
  distortion_coeffs:
  - -0.202588
  - 0.179161
  - -3.0e-06
  - -0.000189
  - 0.0
  distortion_model: plumb_bob
  intrinsics:
  - 2162.274519
  - 2160.789228
  - 965.213733
  - 592.229302
  resolution:
  - 1920
  - 1200
cam6:
  T_cam_body:
  - - -0.17083166513614023
    - 0.9849963445157157
    - -0.02446923532705253
    - -1.0035146226202922
  - - 0.18305879920627305
    - 0.007327087347413358
    - -0.9830746613681793
    - 1.1744309252642668
  - - -0.9681456596091162
    - -0.17241959019113923
    - -0.18156394658177188
    - 6.251513496049174
  - - 0.0
    - 0.0
    - 0.0
    - 1.0
  camera_model: pinhole
  distortion_coeffs:
  - -0.197654
  - 0.159163
  - -8.7e-05
  - -0.000205
  - 0.0
  distortion_model: plumb_bob
  intrinsics:
  - 2168.793342
  - 2167.1953
  - 956.762147
  - 592.00491
  resolution:
  - 1920
  - 1200
cam7:
  T_cam_body:
  - - 0.3026387635341043
    - 0.9530290013204817
    - -0.012062398129455254
    - -1.842972535935908
  - - 0.151646219599039
    - -0.06064291646360781
    - -0.9865727853352269
    - 1.4308225481276307
  - - -0.9409639753401127
    - 0.29674595081461996
    - -0.1628761424741469
    - 5.617386547511464
  - - 0.0
    - 0.0
    - 0.0
    - 1.0
  camera_model: pinhole
  distortion_coeffs:
  - -0.199745
  - 0.165276
  - -5.0e-06
  - -0.000522
  - 0.0
  distortion_model: plumb_bob
  intrinsics:
  - 2168.558335
  - 2166.660921
  - 957.183663
  - 599.473163
  resolution:
  - 1920
  - 1200
