cam0:
  T_cam_body:
  - - -0.25466033799376875
    - -0.9657011863672376
    - 0.05068856776245867
    - 2.203739621809455
  - - 0.12462023900589703
    - -0.08475234974307977
    - -0.9885781887352865
    - 0.35310093588492925
  - - 0.9589671049014208
    - -0.24543483424717166
    - 0.14192897468470228
    - 0.1490052873347286
  - - 0.0
    - 0.0
    - 0.0
    - 1.0
  camera_model: pinhole
  distortion_coeffs:
  - -0.198866
  - 0.155338
  - 0.001388
  - -0.000423
  - 0.0
  distortion_model: plumb_bob
  intrinsics:
  - 2165.856
  - 2163.656
  - 949.972
  - 613.13
  resolution:
  - 1920
  - 1200
cam1:
  T_cam_body:
  - - 0.23310860602367436
    - -0.972088309617067
    - 0.026546112776303643
    - 0.07076448610203635
  - - 0.15868373569328342
    - 0.011092036635592217
    - -0.9872671567259282
    - 0.17918252868957169
  - - 0.9594164110667085
    - 0.23435290702081668
    - 0.15684025359189185
    - -0.3993140882697862
  - - 0.0
    - 0.0
    - 0.0
    - 1.0
  camera_model: pinhole
  distortion_coeffs:
  - -0.198223
  - 0.159132
  - -0.000497
  - 0.000188
  - 0.0
  distortion_model: plumb_bob
  intrinsics:
  - 2172.675284
  - 2171.410435
  - 950.194529
  - 607.904579
  resolution:
  - 1920
  - 1200
cam2:
  T_cam_body:
  - - 0.1572941004140624
    - -0.9874418554616692
    - -0.014735944399561218
    - 0.23026741677223456
  - - -0.19169148154460924
    - -0.015890723193010048
    - -0.9813265821425791
    - 2.3774782995035544
  - - 0.9687687762712853
    - 0.15718163696443443
    - -0.1917837092221787
    - 0.09435015270567637
  - - 0.0
    - 0.0
    - 0.0
    - 1.0
  camera_model: pinhole
  distortion_coeffs:
  - -0.160887
  - 0.08752
  - -0.0001
  - -0.000319
  - 0.0
  distortion_model: plumb_bob
  intrinsics:
  - 2168.222
  - 2165.46
  - 978.186
  - 587.592
  resolution:
  - 1920
  - 1200
cam3:
  T_cam_body:
  - - -0.216713355960885
    - -0.9762273081304826
    - -0.003945149994931119
    - 2.1985929155676094
  - - -0.18205275942910548
    - 0.04438365113414797
    - -0.9822865591548378
    - 2.2229058803370663
  - - 0.9591100636175283
    - -0.21215639130677633
    - -0.1873434052622803
    - 0.5304059784376581
  - - 0.0
    - 0.0
    - 0.0
    - 1.0
  camera_model: pinhole
  distortion_coeffs:
  - -0.201938
  - 0.169372
  - 0.000337
  - 0.000505
  - 0.0
  distortion_model: plumb_bob
  intrinsics:
  - 2162.772695
  - 2161.018824
  - 959.400561
  - 596.661584
  resolution:
  - 1920
  - 1200
cam4:
  T_cam_body:
  - - 0.21860714807686096
    - 0.9750848680961127
    - -0.03768839104668409
    - -1.3752152289657031
  - - -0.13589646217514784
    - -0.00782460604751578
    - -0.9906921454763229
    - 1.023145490770121
  - - -0.9663038168081404
    - 0.22169410355304348
    - 0.13080006908191003
    - 5.423287929792953
  - - 0.0
    - 0.0
    - 0.0
    - 1.0
  camera_model: pinhole
  distortion_coeffs:
  - -0.19899
  - 0.166636
  - 0.000302
  - -0.000387
  - 0.0
  distortion_model: plumb_bob
  intrinsics:
  - 2163.966278
  - 2162.164688
  - 941.521405
  - 603.384351
  resolution:
  - 1920
  - 1200
cam5:
  T_cam_body:
  - - -0.2969774641564805
    - 0.9548844132264405
    - -0.00037836540951058373
    - -0.37698728503769696
  - - -0.17209013186780137
    - -0.05391129263232328
    - -0.9836048795326481
    - 1.30924351053752
  - - -0.9392493664075103
    - -0.2920433699023294
    - 0.18033662356599153
    - 5.913308346313875
  - - 0.0
    - 0.0
    - 0.0
    - 1.0
  camera_model: pinhole
  distortion_coeffs:
  - -0.202588
  - 0.179161
  - -3.0e-06
  - -0.000189
  - 0.0
  distortion_model: plumb_bob
  intrinsics:
  - 2162.274519
  - 2160.789228
  - 965.213733
  - 592.229302
  resolution:
  - 1920
  - 1200
cam6:
  T_cam_body:
  - - -0.16219315213554333
    - 0.9863087564776993
    - -0.02980634656832032
    - -1.0025390869761381
  - - 0.18712233133131878
    - 0.0010849674519511354
    - -0.982336019884622
    - 1.1671760906472983
  - - -0.9688542792997659
    - -0.16490560857970404
    - -0.1847363682155975
    - 6.274718438682686
  - - 0.0
    - 0.0
    - 0.0
    - 1.0
  camera_model: pinhole
  distortion_coeffs:
  - -0.197654
  - 0.159163
  - -8.7e-05
  - -0.000205
  - 0.0
  distortion_model: plumb_bob
  intrinsics:
  - 2168.793342
  - 2167.1953
  - 956.762147
  - 592.00491
  resolution:
  - 1920
  - 1200
cam7:
  T_cam_body:
  - - 0.301562244621955
    - 0.9533466932309201
    - -0.013794749879508406
    - -1.8475941247871608
  - - 0.1612081483212665
    - -0.06524261419376048
    - -0.9847615621093224
    - 1.4204352124295365
  - - -0.939719184402126
    - 0.2947430810024794
    - -0.1733619643052337
    - 5.687322824131388
  - - 0.0
    - 0.0
    - 0.0
    - 1.0
  camera_model: pinhole
  distortion_coeffs:
  - -0.199745
  - 0.165276
  - -5.0e-06
  - -0.000522
  - 0.0
  distortion_model: plumb_bob
  intrinsics:
  - 2168.558335
  - 2166.660921
  - 957.183663
  - 599.473163
  resolution:
  - 1920
  - 1200
