cam0:
  T_cam_body:
  - - -0.2525565121142865
    - -0.9660904823386611
    - 0.0537064998237573
    - 2.1951363260721486
  - - 0.11971394444400058
    - -0.08627874676277908
    - -0.9890523491518044
    - 0.36423882530413476
  - - 0.9601477905480618
    - -0.24336219466403813
    - 0.13744476168256747
    - 0.14180421001082044
  - - 0.0
    - 0.0
    - 0.0
    - 1.0
  camera_model: pinhole
  distortion_coeffs:
  - -0.32318475398324814
  - 0.7782430868553325
  - 0.0008727612770479725
  - -0.0004959335270041086
  - -0.7430306622679614
  distortion_model: plumb_bob
  intrinsics:
  - 2183.698531889279
  - 2187.4650856668363
  - 947.8689064080786
  - 613.6901657162452
  resolution:
  - 1920
  - 1200
cam1:
  T_cam_body:
  - - 0.2286322558328285
    - -0.9730495712829219
    - 0.030030374937956683
    - 0.09423711182245055
  - - 0.15526606312837948
    - 0.005994750348657041
    - -0.9878544997158599
    - 0.17274742826467232
  - - 0.961051372837793
    - 0.23051810079553292
    - 0.15245216945722487
    - -0.4554248050577729
  - - 0.0
    - 0.0
    - 0.0
    - 1.0
  camera_model: pinhole
  distortion_coeffs:
  - -0.2455445878143836
  - -0.20188374963025923
  - 0.0009719856432695123
  - 0.010485047952762548
  - 1.2039047282584154
  distortion_model: plumb_bob
  intrinsics:
  - 2163.459007608276
  - 2173.7403232915144
  - 939.2732189104493
  - 612.7446351055792
  resolution:
  - 1920
  - 1200
cam2:
  T_cam_body:
  - - 0.16190815022261518
    - -0.986749785490669
    - -0.010517210923510323
    - 0.15059338408649747
  - - -0.17125388474589442
    - -0.017600423173705915
    - -0.9850697092406944
    - 2.2969115390980277
  - - 0.9718322169237501
    - 0.16129192769083328
    - -0.17183438599664502
    - 0.01939155405759186
  - - 0.0
    - 0.0
    - 0.0
    - 1.0
  camera_model: pinhole
  distortion_coeffs:
  - -0.29330036427015266
  - 0.45016100681460647
  - 0.0005783961240500405
  - 0.0058959505128492505
  - -0.5572354740156501
  distortion_model: plumb_bob
  intrinsics:
  - 2176.655547368894
  - 2177.850469263241
  - 983.6120201983069
  - 580.181852435945
  resolution:
  - 1920
  - 1200
cam3:
  T_cam_body:
  - - -0.2237523214049792
    - -0.9746435847459807
    - -0.0021866365465881277
    - 2.218609722575402
  - - -0.17656270832342197
    - 0.04274031003308901
    - -0.9833610099692651
    - 2.2045773341340165
  - - 0.9585199573798038
    - -0.21964323028898342
    - -0.18164895456027125
    - 0.5132657550490386
  - - 0.0
    - 0.0
    - 0.0
    - 1.0
  camera_model: pinhole
  distortion_coeffs:
  - -0.2820420684903632
  - 0.27855394648705
  - 0.0014478558652339679
  - 0.0020083150798695685
  - 0.2851562957532423
  distortion_model: plumb_bob
  intrinsics:
  - 2176.6287164616133
  - 2180.2653054922407
  - 966.7351668423305
  - 598.2396704484058
  resolution:
  - 1920
  - 1200
cam4:
  T_cam_body:
  - - 0.22151816556611376
    - 0.9744698349178487
    - -0.036582005951077246
    - -1.3600508731343717
  - - -0.1371354017935505
    - -0.006011207788906514
    - -0.9905340715774698
    - 1.0165056055301902
  - - -0.9654654752497083
    - 0.22443797855108977
    - 0.13230272062491868
    - 5.381894876828159
  - - 0.0
    - 0.0
    - 0.0
    - 1.0
  camera_model: pinhole
  distortion_coeffs:
  - -0.23475958874456912
  - 0.8660779377474369
  - -0.0069906956580780685
  - -5.454922390220829e-05
  - -4.777904269775901
  distortion_model: plumb_bob
  intrinsics:
  - 2164.9782990058775
  - 2175.2068395018778
  - 936.6360307258121
  - 608.7172429565562
  resolution:
  - 1920
  - 1200
cam5:
  T_cam_body:
  - - -0.2919071622298383
    - 0.9564379317096638
    - 0.004085514149122338
    - -0.34959810642775957
  - - -0.17414873748054993
    - -0.0489494936533878
    - -0.9835019899852806
    - 1.3339144306116246
  - - -0.9404586252849472
    - -0.2878027620750308
    - 0.18085116607069435
    - 5.883340203633196
  - - 0.0
    - 0.0
    - 0.0
    - 1.0
  camera_model: pinhole
  distortion_coeffs:
  - -0.14225346074482567
  - -0.7765648105401914
  - -0.006809162029494895
  - 0.0010171029454486221
  - 3.8849737895671312
  distortion_model: plumb_bob
  intrinsics:
  - 2163.880385838502
  - 2183.0406359683334
  - 956.1964429370311
  - 584.8882726127662
  resolution:
  - 1920
  - 1200
cam6:
  T_cam_body:
  - - -0.16803203401889824
    - 0.9855495657521469
    - -0.02138431643112748
    - -1.008295094784732
  - - 0.18204051105571734
    - 0.009702865153026957
    - -0.9832431574856726
    - 1.1795878641861213
  - - -0.9688273777500536
    - -0.1691091595791811
    - -0.18104033878773532
    - 6.245003417057774
  - - 0.0
    - 0.0
    - 0.0
    - 1.0
  camera_model: pinhole
  distortion_coeffs:
  - -0.12331155633217337
  - -0.8899754296449248
  - -0.007353059217097596
  - 0.000311136408222664
  - 3.43369856366643
  distortion_model: plumb_bob
  intrinsics:
  - 2160.3003991110245
  - 2188.1861254008368
  - 956.2126419533208
  - 588.5937421271952
  resolution:
  - 1920
  - 1200
cam7:
  T_cam_body:
  - - 0.3092892665693529
    - 0.9509156034285944
    - -0.00998322297777643
    - -1.8653473181396423
  - - 0.15148682493965016
    - -0.059630198065284024
    - -0.9866589995273944
    - 1.4414373668732317
  - - -0.9388247394773401
    - 0.3036507115663114
    - -0.16249416577396625
    - 5.6028985306158345
  - - 0.0
    - 0.0
    - 0.0
    - 1.0
  camera_model: pinhole
  distortion_coeffs:
  - -0.2533837025897635
  - 0.47186763448864966
  - -0.00857316196586868
  - -0.0018514359858016138
  - -0.8023003533329515
  distortion_model: plumb_bob
  intrinsics:
  - 2173.892200197547
  - 2197.7829783932707
  - 963.496854814723
  - 594.4585166504232
  resolution:
  - 1920
  - 1200
