cam0:
  T_cam_imu:
  - - -0.2557232975959778
    - -0.9655054211616516
    - 0.04903823137283325
    - 2.176288366317749
  - - 0.12600021064281464
    - -0.08357864618301392
    - -0.988503098487854
    - 0.33804070949554443
  - - 0.958503782749176
    - -0.24660445749759674
    - 0.14302688837051392
    - 0.1925387680530548
  - - 0.0
    - 0.0
    - 0.0
    - 1.0
  camera_model: pinhole
  distortion_coeffs:
  - -0.08894819021224976
  - -0.03619498386979103
  - -0.0026002265512943268
  - 0.00030169033561833203
  - -0.1943071335554123
  distortion_model: plumb_bob
  intrinsics:
  - 2173.553955078125
  - 2173.553955078125
  - 959.1967163085938
  - 613.0711669921875
  resolution:
  - 1920
  - 1200
  rostopic: cam0
cam1:
  T_cam_imu:
  - - 0.2227211743593216
    - -0.9745053648948669
    - 0.027104875072836876
    - 0.1066192239522934
  - - 0.1583017110824585
    - 0.008717325516045094
    - -0.9873523712158203
    - 0.17045912146568298
  - - 0.9619438052177429
    - 0.22419500350952148
    - 0.1562073975801468
    - -0.4533011317253113
  - - 0.0
    - 0.0
    - 0.0
    - 1.0
  camera_model: pinhole
  distortion_coeffs:
  - -0.25780436396598816
  - 0.01677306741476059
  - -0.0013451389968395233
  - 0.005118086002767086
  - -0.17484913766384125
  distortion_model: plumb_bob
  intrinsics:
  - 2174.0634765625
  - 2174.0634765625
  - 952.794677734375
  - 602.9476318359375
  resolution:
  - 1900
  - 1200
  rostopic: cam1
cam2:
  T_cam_imu:
  - - 0.1563355177640915
    - -0.9876158237457275
    - -0.01319759339094162
    - 0.17609503865242004
  - - -0.17772090435028076
    - -0.014983653090894222
    - -0.9839668869972229
    - 2.316152811050415
  - - 0.9715835452079773
    - 0.1561744511127472
    - -0.17786245048046112
    - 0.038671549409627914
  - - 0.0
    - 0.0
    - 0.0
    - 1.0
  camera_model: pinhole
  distortion_coeffs:
  - -0.19119064509868622
  - 0.18603749573230743
  - -0.0032031936571002007
  - 0.0009742006077431142
  - -0.17267271876335144
  distortion_model: plumb_bob
  intrinsics:
  - 2167.868896484375
  - 2167.868896484375
  - 990.6886596679688
  - 583.9140625
  resolution:
  - 1900
  - 1200
  rostopic: cam2
cam3:
  T_cam_imu:
  - - -0.22552156448364258
    - -0.9742249846458435
    - -0.005062032025307417
    - 2.207465648651123
  - - -0.18093107640743256
    - 0.04698777571320534
    - -0.9823726415634155
    - 2.2058990001678467
  - - 0.9572898745536804
    - -0.22063036262989044
    - -0.18686433136463165
    - 0.5480914115905762
  - - 0.0
    - 0.0
    - 0.0
    - 1.0
  camera_model: pinhole
  distortion_coeffs:
  - -0.18725654482841492
  - 0.14903408288955688
  - -0.003623780095949769
  - 2.0310330000938848e-05
  - -0.13460907340049744
  distortion_model: plumb_bob
  intrinsics:
  - 2172.87158203125
  - 2172.87158203125
  - 976.8809814453125
  - 604.27685546875
  resolution:
  - 1900
  - 1200
  rostopic: cam3
cam4:
  T_cam_imu:
  - - 0.22098000347614288
    - 0.9745772480964661
    - -0.03697226196527481
    - -1.3663561344146729
  - - -0.14168894290924072
    - -0.005426234100013971
    - -0.9898963570594788
    - 1.0258246660232544
  - - -0.9649311900138855
    - 0.22398585081100464
    - 0.13688772916793823
    - 5.385637283325195
  - - 0.0
    - 0.0
    - 0.0
    - 1.0
  camera_model: pinhole
  distortion_coeffs:
  - -0.1716197282075882
  - 0.02103808894753456
  - -0.0006171338609419763
  - 0.003934966865926981
  - -0.16428789496421814
  distortion_model: plumb_bob
  intrinsics:
  - 2166.532470703125
  - 2166.532470703125
  - 940.894775390625
  - 612.5764770507812
  resolution:
  - 1900
  - 1200
  rostopic: cam4
cam5:
  T_cam_imu:
  - - -0.294145792722702
    - 0.9557593464851379
    - 0.001529963337816298
    - -0.3556234538555145
  - - -0.1666438728570938
    - -0.04971015453338623
    - -0.9847632646560669
    - 1.2757046222686768
  - - -0.9411206245422363
    - -0.2899189293384552
    - 0.17389346659183502
    - 5.862905025482178
  - - 0.0
    - 0.0
    - 0.0
    - 1.0
  camera_model: pinhole
  distortion_coeffs:
  - -0.2656802535057068
  - 0.30975285172462463
  - -0.00035113136982545257
  - 0.00290163466706872
  - 0.15762560069561005
  distortion_model: plumb_bob
  intrinsics:
  - 2168.575927734375
  - 2168.575927734375
  - 958.7904663085938
  - 602.8994750976562
  resolution:
  - 1900
  - 1200
  rostopic: cam5
cam6:
  T_cam_imu:
  - - -0.1688174307346344
    - 0.9853017330169678
    - -0.026099491864442825
    - -1.0026216506958008
  - - 0.18789410591125488
    - 0.006176450289785862
    - -0.9821699261665344
    - 1.1525120735168457
  - - -0.9675725102424622
    - -0.17071133852005005
    - -0.18617507815361023
    - 6.270570755004883
  - - 0.0
    - 0.0
    - 0.0
    - 1.0
  camera_model: pinhole
  distortion_coeffs:
  - -0.16114746034145355
  - 0.14652350544929504
  - -0.00025267392629757524
  - -9.474898251937702e-05
  - 0.10058929771184921
  distortion_model: plumb_bob
  intrinsics:
  - 2173.50341796875
  - 2173.50341796875
  - 956.8504638671875
  - 596.9486083984375
  resolution:
  - 1900
  - 1200
  rostopic: cam6
cam7:
  T_cam_imu:
  - - 0.30351346731185913
    - 0.9527480602264404
    - -0.012275929562747478
    - -1.8508635759353638
  - - 0.15472294390201569
    - -0.0619940310716629
    - -0.9860109090805054
    - 1.421660304069519
  - - -0.9401810169219971
    - 0.29736819863319397
    - -0.1662280112504959
    - 5.627144813537598
  - - 0.0
    - 0.0
    - 0.0
    - 1.0
  camera_model: pinhole
  distortion_coeffs:
  - -0.18353912234306335
  - 0.05846519395709038
  - 0.0010945576941594481
  - -0.0009746302384883165
  - 0.05456972122192383
  distortion_model: plumb_bob
  intrinsics:
  - 2174.08837890625
  - 2174.08837890625
  - 960.9181518554688
  - 599.5118408203125
  resolution:
  - 1900
  - 1200
  rostopic: cam7
