cam0:
  T_cam_imu:
  - - -0.24615833163261414
    - -0.9679361581802368
    - 0.05005452409386635
    - 2.133859634399414
  - - 0.1320890337228775
    - -0.08466409891843796
    - -0.9876154065132141
    - 0.3180278241634369
  - - 0.9601866602897644
    - -0.2364981472492218
    - 0.14869453012943268
    - 0.27930986881256104
  - - 0.0
    - 0.0
    - 0.0
    - 1.0
  camera_model: pinhole
  distortion_coeffs:
  - 0.23183664679527283
  - -1.1891916990280151
  - 0.0013039320474490523
  - 0.005049044732004404
  - -0.025799430906772614
  distortion_model: plumb_bob
  intrinsics:
  - 2183.8125
  - 2183.8125
  - 959.0153198242188
  - 612.7732543945312
  resolution:
  - 1920
  - 1200
  rostopic: cam0
cam1:
  T_cam_imu:
  - - 0.23015828430652618
    - -0.9726908802986145
    - 0.02999301627278328
    - 0.0947275310754776
  - - 0.16394123435020447
    - 0.008375001139938831
    - -0.9864345192909241
    - 0.1549004167318344
  - - 0.9592447280883789
    - 0.2319531887769699
    - 0.1613917201757431
    - -0.33826133608818054
  - - 0.0
    - 0.0
    - 0.0
    - 1.0
  camera_model: pinhole
  distortion_coeffs:
  - 0.07741467654705048
  - -0.08074867725372314
  - -0.002786083845421672
  - -0.018822558224201202
  - 1.0278199911117554
  distortion_model: plumb_bob
  intrinsics:
  - 2182.263671875
  - 2182.263671875
  - 954.9125366210938
  - 602.582275390625
  resolution:
  - 1900
  - 1200
  rostopic: cam1
cam2:
  T_cam_imu:
  - - 0.16051313281059265
    - -0.9870014786720276
    - -0.007970470003783703
    - 0.16931568086147308
  - - -0.17618857324123383
    - -0.020705679431557655
    - -0.9841384887695312
    - 2.3083856105804443
  - - 0.9711812138557434
    - 0.1593714952468872
    - -0.17722192406654358
    - 0.08490108698606491
  - - 0.0
    - 0.0
    - 0.0
    - 1.0
  camera_model: pinhole
  distortion_coeffs:
  - -0.08358945697546005
  - 1.299546241760254
  - -0.01519850455224514
  - 0.013133692555129528
  - -8.330770492553711
  distortion_model: plumb_bob
  intrinsics:
  - 2171.556884765625
  - 2171.556884765625
  - 989.4485473632812
  - 585.7937622070312
  resolution:
  - 1900
  - 1200
  rostopic: cam2
cam3:
  T_cam_imu:
  - - -0.22212520241737366
    - -0.9750131368637085
    - -0.0031180749647319317
    - 2.2168779373168945
  - - -0.18292170763015747
    - 0.044813551008701324
    - -0.9821054935455322
    - 2.2066304683685303
  - - 0.957705557346344
    - -0.21758003532886505
    - -0.18830528855323792
    - 0.5619276165962219
  - - 0.0
    - 0.0
    - 0.0
    - 1.0
  camera_model: pinhole
  distortion_coeffs:
  - -0.23518158495426178
  - 2.3503544330596924
  - -0.001441030646674335
  - -0.0061905584298074245
  - -9.175392150878906
  distortion_model: plumb_bob
  intrinsics:
  - 2169.899658203125
  - 2169.899658203125
  - 972.4754638671875
  - 605.471923828125
  resolution:
  - 1900
  - 1200
  rostopic: cam3
cam4:
  T_cam_imu:
  - - 0.22334551811218262
    - 0.9740393757820129
    - -0.03693370893597603
    - -1.3651658296585083
  - - -0.13920249044895172
    - -0.00562942074611783
    - -0.9902479648590088
    - 1.0220552682876587
  - - -0.9647483825683594
    - 0.2263087034225464
    - 0.13433140516281128
    - 5.356937408447266
  - - 0.0
    - 0.0
    - 0.0
    - 1.0
  camera_model: pinhole
  distortion_coeffs:
  - -0.38292133808135986
  - 1.626824975013733
  - -0.00010408351226942614
  - 0.00344818364828825
  - 3.8996710777282715
  distortion_model: plumb_bob
  intrinsics:
  - 2166.76513671875
  - 2166.76513671875
  - 940.7510986328125
  - 613.8042602539062
  resolution:
  - 1900
  - 1200
  rostopic: cam4
cam5:
  T_cam_imu:
  - - -0.2964038848876953
    - 0.9550626873970032
    - -0.00010409573587821797
    - -0.35458630323410034
  - - -0.16409438848495483
    - -0.051034096628427505
    - -0.9851235747337341
    - 1.2755577564239502
  - - -0.9408600926399231
    - -0.2919773757457733
    - 0.1718471348285675
    - 5.8315911293029785
  - - 0.0
    - 0.0
    - 0.0
    - 1.0
  camera_model: pinhole
  distortion_coeffs:
  - -0.42957034707069397
  - 0.6979279518127441
  - -0.0007024477235972881
  - 0.008462680503726006
  - 1.4115854501724243
  distortion_model: plumb_bob
  intrinsics:
  - 2168.05078125
  - 2168.05078125
  - 958.8068237304688
  - 602.8929443359375
  resolution:
  - 1900
  - 1200
  rostopic: cam5
cam6:
  T_cam_imu:
  - - -0.16710087656974792
    - 0.9856685996055603
    - -0.023125849664211273
    - -1.0225263833999634
  - - 0.18881109356880188
    - 0.008970108814537525
    - -0.9819725155830383
    - 1.1389100551605225
  - - -0.967691957950592
    - -0.16845488548278809
    - -0.18760406970977783
    - 6.267562389373779
  - - 0.0
    - 0.0
    - 0.0
    - 1.0
  camera_model: pinhole
  distortion_coeffs:
  - -0.04832596704363823
  - 0.4675526022911072
  - 0.008279692381620407
  - 0.003557551419362426
  - -3.4165425300598145
  distortion_model: plumb_bob
  intrinsics:
  - 2157.195556640625
  - 2157.195556640625
  - 958.6821899414062
  - 598.1138916015625
  resolution:
  - 1900
  - 1200
  rostopic: cam6
cam7:
  T_cam_imu:
  - - 0.3018553555011749
    - 0.9532997012138367
    - -0.010150782763957977
    - -1.8610758781433105
  - - 0.15325909852981567
    - -0.05903184041380882
    - -0.9864212274551392
    - 1.4242579936981201
  - - -0.9409542679786682
    - 0.29620087146759033
    - -0.16392092406749725
    - 5.558590412139893
  - - 0.0
    - 0.0
    - 0.0
    - 1.0
  camera_model: pinhole
  distortion_coeffs:
  - -0.11020321398973465
  - -0.9369465112686157
  - -6.03572916588746e-05
  - 0.0025725618470460176
  - 2.09682035446167
  distortion_model: plumb_bob
  intrinsics:
  - 2156.2021484375
  - 2156.2021484375
  - 963.1306762695312
  - 597.9646606445312
  resolution:
  - 1900
  - 1200
  rostopic: cam7
